Число агентов: 5
Количество итераций: 6999
Число всех возможных путей: 34992
-------------------------------------------------------------------------
Входные параметры:
№0 Values: 1; 2; 7; Type: Double; ValuesCount: 3
№1 Values: 1; 4; 5; Type: Double; ValuesCount: 3
№2 Values: 1; 10; Type: Double; ValuesCount: 2
№3 Values: 1; 11; 20; Type: Double; ValuesCount: 3
№4 Values: 1; 3; Type: Double; ValuesCount: 2
№5 Values: 5,24; 5,33; 5,34; Type: Double; ValuesCount: 3
№6 Values: 15,3; 15,5; 16,9; Type: Double; ValuesCount: 3
№7 Values: 10; 1; Type: Double; ValuesCount: 2
№8 Values: 0,01; 0,3; 0,5; Type: Double; ValuesCount: 3
№9 Values: 100000; 350000; 600000; Type: Double; ValuesCount: 3
№10 Values: Сильное; Слабое; Type: String; ValuesCount: 2
-------------------------------------------------------------------------


Результаты работы:
Итерация №: 0
max: 77,637
Values: 1; 1; 10; 11; 1; 5,33; 16,9; 1; 0,3; 100000; Сильное;
Итерация №: 1
max: 77,637
Values: 1; 1; 10; 11; 1; 5,33; 16,9; 1; 0,3; 100000; Сильное;
Итерация №: 2
max: 77,637
Values: 1; 1; 10; 11; 1; 5,33; 16,9; 1; 0,3; 100000; Сильное;
Итерация №: 3
max: 77,637
Values: 1; 1; 10; 11; 1; 5,33; 16,9; 1; 0,3; 100000; Сильное;
Итерация №: 4
max: 78,82900000000001
Values: 7; 1; 10; 11; 3; 5,33; 15,3; 10; 0,3; 100000; Сильное;
Итерация №: 5
max: 78,82900000000001
Values: 7; 1; 10; 11; 3; 5,33; 15,3; 10; 0,3; 100000; Сильное;
Итерация №: 6
max: 78,82900000000001
Values: 7; 1; 10; 11; 3; 5,33; 15,3; 10; 0,3; 100000; Сильное;
Итерация №: 7
max: 78,82900000000001
Values: 7; 1; 10; 11; 3; 5,33; 15,3; 10; 0,3; 100000; Сильное;
Итерация №: 8
max: 80,092
Values: 1; 1; 10; 11; 1; 5,24; 16,9; 1; 0,3; 350000; Сильное;
Итерация №: 9
max: 80,092
Values: 1; 1; 10; 11; 1; 5,24; 16,9; 1; 0,3; 350000; Сильное;
Итерация №: 10
max: 80,092
Values: 1; 1; 10; 11; 1; 5,24; 16,9; 1; 0,3; 350000; Сильное;
Итерация №: 11
max: 80,092
Values: 1; 1; 10; 11; 1; 5,24; 16,9; 1; 0,3; 350000; Сильное;
Итерация №: 12
max: 80,092
Values: 1; 1; 10; 11; 1; 5,24; 16,9; 1; 0,3; 350000; Сильное;
Итерация №: 13
max: 80,092
Values: 1; 1; 10; 11; 1; 5,24; 16,9; 1; 0,3; 350000; Сильное;
Итерация №: 14
max: 80,092
Values: 1; 1; 10; 11; 1; 5,24; 16,9; 1; 0,3; 350000; Сильное;
Итерация №: 15
max: 80,092
Values: 1; 1; 10; 11; 1; 5,24; 16,9; 1; 0,3; 350000; Сильное;
Итерация №: 16
max: 80,092
Values: 1; 1; 10; 11; 1; 5,24; 16,9; 1; 0,3; 350000; Сильное;
Итерация №: 17
max: 80,092
Values: 1; 1; 10; 11; 1; 5,24; 16,9; 1; 0,3; 350000; Сильное;
Итерация №: 18
max: 80,092
Values: 1; 1; 10; 11; 1; 5,24; 16,9; 1; 0,3; 350000; Сильное;
Итерация №: 19
max: 80,092
Values: 1; 1; 10; 11; 1; 5,24; 16,9; 1; 0,3; 350000; Сильное;
Итерация №: 20
max: 80,092
Values: 1; 1; 10; 11; 1; 5,24; 16,9; 1; 0,3; 350000; Сильное;
Итерация №: 21
max: 80,092
Values: 1; 1; 10; 11; 1; 5,24; 16,9; 1; 0,3; 350000; Сильное;
Итерация №: 22
max: 80,092
Values: 1; 1; 10; 11; 1; 5,24; 16,9; 1; 0,3; 350000; Сильное;
Итерация №: 23
max: 80,092
Values: 1; 1; 10; 11; 1; 5,24; 16,9; 1; 0,3; 350000; Сильное;
Итерация №: 24
max: 80,092
Values: 1; 1; 10; 11; 1; 5,24; 16,9; 1; 0,3; 350000; Сильное;
Итерация №: 25
max: 80,092
Values: 1; 1; 10; 11; 1; 5,24; 16,9; 1; 0,3; 350000; Сильное;
Итерация №: 26
max: 80,092
Values: 1; 1; 10; 11; 1; 5,24; 16,9; 1; 0,3; 350000; Сильное;
Итерация №: 27
max: 80,092
Values: 1; 1; 10; 11; 1; 5,24; 16,9; 1; 0,3; 350000; Сильное;
Итерация №: 28
max: 80,092
Values: 1; 1; 10; 11; 1; 5,24; 16,9; 1; 0,3; 350000; Сильное;
Итерация №: 29
max: 80,092
Values: 1; 1; 10; 11; 1; 5,24; 16,9; 1; 0,3; 350000; Сильное;
Итерация №: 30
max: 80,092
Values: 1; 1; 10; 11; 1; 5,24; 16,9; 1; 0,3; 350000; Сильное;
Итерация №: 31
max: 80,092
Values: 1; 1; 10; 11; 1; 5,24; 16,9; 1; 0,3; 350000; Сильное;
Итерация №: 32
max: 80,092
Values: 1; 1; 10; 11; 1; 5,24; 16,9; 1; 0,3; 350000; Сильное;
Итерация №: 33
max: 80,092
Values: 1; 1; 10; 11; 1; 5,24; 16,9; 1; 0,3; 350000; Сильное;
Итерация №: 34
max: 80,092
Values: 1; 1; 10; 11; 1; 5,24; 16,9; 1; 0,3; 350000; Сильное;
Итерация №: 35
max: 80,092
Values: 1; 1; 10; 11; 1; 5,24; 16,9; 1; 0,3; 350000; Сильное;
Итерация №: 36
max: 80,092
Values: 1; 1; 10; 11; 1; 5,24; 16,9; 1; 0,3; 350000; Сильное;
Итерация №: 37
max: 80,092
Values: 1; 1; 10; 11; 1; 5,24; 16,9; 1; 0,3; 350000; Сильное;
Итерация №: 38
max: 80,092
Values: 1; 1; 10; 11; 1; 5,24; 16,9; 1; 0,3; 350000; Сильное;
Итерация №: 39
max: 80,092
Values: 1; 1; 10; 11; 1; 5,24; 16,9; 1; 0,3; 350000; Сильное;
Итерация №: 40
max: 80,092
Values: 1; 1; 10; 11; 1; 5,24; 16,9; 1; 0,3; 350000; Сильное;
Итерация №: 41
max: 80,092
Values: 1; 1; 10; 11; 1; 5,24; 16,9; 1; 0,3; 350000; Сильное;
Итерация №: 42
max: 80,092
Values: 1; 1; 10; 11; 1; 5,24; 16,9; 1; 0,3; 350000; Сильное;
Итерация №: 43
max: 80,092
Values: 1; 1; 10; 11; 1; 5,24; 16,9; 1; 0,3; 350000; Сильное;
Итерация №: 44
max: 80,092
Values: 1; 1; 10; 11; 1; 5,24; 16,9; 1; 0,3; 350000; Сильное;
Итерация №: 45
max: 80,092
Values: 1; 1; 10; 11; 1; 5,24; 16,9; 1; 0,3; 350000; Сильное;
Итерация №: 46
max: 80,092
Values: 1; 1; 10; 11; 1; 5,24; 16,9; 1; 0,3; 350000; Сильное;
Итерация №: 47
max: 80,092
Values: 1; 1; 10; 11; 1; 5,24; 16,9; 1; 0,3; 350000; Сильное;
Итерация №: 48
max: 80,092
Values: 1; 1; 10; 11; 1; 5,24; 16,9; 1; 0,3; 350000; Сильное;
Итерация №: 49
max: 80,092
Values: 1; 1; 10; 11; 1; 5,24; 16,9; 1; 0,3; 350000; Сильное;
Итерация №: 50
max: 80,092
Values: 1; 1; 10; 11; 1; 5,24; 16,9; 1; 0,3; 350000; Сильное;
Итерация №: 51
max: 80,092
Values: 1; 1; 10; 11; 1; 5,24; 16,9; 1; 0,3; 350000; Сильное;
Итерация №: 52
max: 80,092
Values: 1; 1; 10; 11; 1; 5,24; 16,9; 1; 0,3; 350000; Сильное;
Итерация №: 53
max: 80,092
Values: 1; 1; 10; 11; 1; 5,24; 16,9; 1; 0,3; 350000; Сильное;
Итерация №: 54
max: 80,092
Values: 1; 1; 10; 11; 1; 5,24; 16,9; 1; 0,3; 350000; Сильное;
Итерация №: 55
max: 80,092
Values: 1; 1; 10; 11; 1; 5,24; 16,9; 1; 0,3; 350000; Сильное;
Итерация №: 56
max: 80,092
Values: 1; 1; 10; 11; 1; 5,24; 16,9; 1; 0,3; 350000; Сильное;
Итерация №: 57
max: 80,092
Values: 1; 1; 10; 11; 1; 5,24; 16,9; 1; 0,3; 350000; Сильное;
Итерация №: 58
max: 80,092
Values: 1; 1; 10; 11; 1; 5,24; 16,9; 1; 0,3; 350000; Сильное;
Итерация №: 59
max: 80,092
Values: 1; 1; 10; 11; 1; 5,24; 16,9; 1; 0,3; 350000; Сильное;
Итерация №: 60
max: 80,092
Values: 1; 1; 10; 11; 1; 5,24; 16,9; 1; 0,3; 350000; Сильное;
Итерация №: 61
max: 80,092
Values: 1; 1; 10; 11; 1; 5,24; 16,9; 1; 0,3; 350000; Сильное;
Итерация №: 62
max: 80,092
Values: 1; 1; 10; 11; 1; 5,24; 16,9; 1; 0,3; 350000; Сильное;
Итерация №: 63
max: 80,092
Values: 1; 1; 10; 11; 1; 5,24; 16,9; 1; 0,3; 350000; Сильное;
Итерация №: 64
max: 80,092
Values: 1; 1; 10; 11; 1; 5,24; 16,9; 1; 0,3; 350000; Сильное;
Итерация №: 65
max: 80,092
Values: 1; 1; 10; 11; 1; 5,24; 16,9; 1; 0,3; 350000; Сильное;
Итерация №: 66
max: 80,092
Values: 1; 1; 10; 11; 1; 5,24; 16,9; 1; 0,3; 350000; Сильное;
Итерация №: 67
max: 80,092
Values: 1; 1; 10; 11; 1; 5,24; 16,9; 1; 0,3; 350000; Сильное;
Итерация №: 68
max: 80,092
Values: 1; 1; 10; 11; 1; 5,24; 16,9; 1; 0,3; 350000; Сильное;
Итерация №: 69
max: 80,092
Values: 1; 1; 10; 11; 1; 5,24; 16,9; 1; 0,3; 350000; Сильное;
Итерация №: 70
max: 80,092
Values: 1; 1; 10; 11; 1; 5,24; 16,9; 1; 0,3; 350000; Сильное;
Итерация №: 71
max: 80,092
Values: 1; 1; 10; 11; 1; 5,24; 16,9; 1; 0,3; 350000; Сильное;
Итерация №: 72
max: 80,092
Values: 1; 1; 10; 11; 1; 5,24; 16,9; 1; 0,3; 350000; Сильное;
Итерация №: 73
max: 80,092
Values: 1; 1; 10; 11; 1; 5,24; 16,9; 1; 0,3; 350000; Сильное;
Итерация №: 74
max: 80,092
Values: 1; 1; 10; 11; 1; 5,24; 16,9; 1; 0,3; 350000; Сильное;
Итерация №: 75
max: 80,092
Values: 1; 1; 10; 11; 1; 5,24; 16,9; 1; 0,3; 350000; Сильное;
Итерация №: 76
max: 80,092
Values: 1; 1; 10; 11; 1; 5,24; 16,9; 1; 0,3; 350000; Сильное;
Итерация №: 77
max: 80,092
Values: 1; 1; 10; 11; 1; 5,24; 16,9; 1; 0,3; 350000; Сильное;
Итерация №: 78
max: 80,092
Values: 1; 1; 10; 11; 1; 5,24; 16,9; 1; 0,3; 350000; Сильное;
Итерация №: 79
max: 80,092
Values: 1; 1; 10; 11; 1; 5,24; 16,9; 1; 0,3; 350000; Сильное;
Итерация №: 80
max: 80,092
Values: 1; 1; 10; 11; 1; 5,24; 16,9; 1; 0,3; 350000; Сильное;
Итерация №: 81
max: 80,092
Values: 1; 1; 10; 11; 1; 5,24; 16,9; 1; 0,3; 350000; Сильное;
Итерация №: 82
max: 80,092
Values: 1; 1; 10; 11; 1; 5,24; 16,9; 1; 0,3; 350000; Сильное;
Итерация №: 83
max: 80,092
Values: 1; 1; 10; 11; 1; 5,24; 16,9; 1; 0,3; 350000; Сильное;
Итерация №: 84
max: 80,092
Values: 1; 1; 10; 11; 1; 5,24; 16,9; 1; 0,3; 350000; Сильное;
Итерация №: 85
max: 80,092
Values: 1; 1; 10; 11; 1; 5,24; 16,9; 1; 0,3; 350000; Сильное;
Итерация №: 86
max: 80,092
Values: 1; 1; 10; 11; 1; 5,24; 16,9; 1; 0,3; 350000; Сильное;
Итерация №: 87
max: 80,092
Values: 1; 1; 10; 11; 1; 5,24; 16,9; 1; 0,3; 350000; Сильное;
Итерация №: 88
max: 80,092
Values: 1; 1; 10; 11; 1; 5,24; 16,9; 1; 0,3; 350000; Сильное;
Итерация №: 89
max: 80,092
Values: 1; 1; 10; 11; 1; 5,24; 16,9; 1; 0,3; 350000; Сильное;
Итерация №: 90
max: 80,092
Values: 1; 1; 10; 11; 1; 5,24; 16,9; 1; 0,3; 350000; Сильное;
Итерация №: 91
max: 80,092
Values: 1; 1; 10; 11; 1; 5,24; 16,9; 1; 0,3; 350000; Сильное;
Итерация №: 92
max: 80,092
Values: 1; 1; 10; 11; 1; 5,24; 16,9; 1; 0,3; 350000; Сильное;
Итерация №: 93
max: 80,092
Values: 1; 1; 10; 11; 1; 5,24; 16,9; 1; 0,3; 350000; Сильное;
Итерация №: 94
max: 80,092
Values: 1; 1; 10; 11; 1; 5,24; 16,9; 1; 0,3; 350000; Сильное;
Итерация №: 95
max: 80,092
Values: 1; 1; 10; 11; 1; 5,24; 16,9; 1; 0,3; 350000; Сильное;
Итерация №: 96
max: 80,092
Values: 1; 1; 10; 11; 1; 5,24; 16,9; 1; 0,3; 350000; Сильное;
Итерация №: 97
max: 80,092
Values: 1; 1; 10; 11; 1; 5,24; 16,9; 1; 0,3; 350000; Сильное;
Итерация №: 98
max: 80,092
Values: 1; 1; 10; 11; 1; 5,24; 16,9; 1; 0,3; 350000; Сильное;
Итерация №: 99
max: 80,092
Values: 1; 1; 10; 11; 1; 5,24; 16,9; 1; 0,3; 350000; Сильное;
Итерация №: 100
max: 80,092
Values: 1; 1; 10; 11; 1; 5,24; 16,9; 1; 0,3; 350000; Сильное;
Итерация №: 101
max: 80,092
Values: 1; 1; 10; 11; 1; 5,24; 16,9; 1; 0,3; 350000; Сильное;
Итерация №: 102
max: 80,092
Values: 1; 1; 10; 11; 1; 5,24; 16,9; 1; 0,3; 350000; Сильное;
Итерация №: 103
max: 80,092
Values: 1; 1; 10; 11; 1; 5,24; 16,9; 1; 0,3; 350000; Сильное;
Итерация №: 104
max: 80,092
Values: 1; 1; 10; 11; 1; 5,24; 16,9; 1; 0,3; 350000; Сильное;
Итерация №: 105
max: 80,092
Values: 1; 1; 10; 11; 1; 5,24; 16,9; 1; 0,3; 350000; Сильное;
Итерация №: 106
max: 80,092
Values: 1; 1; 10; 11; 1; 5,24; 16,9; 1; 0,3; 350000; Сильное;
Итерация №: 107
max: 80,092
Values: 1; 1; 10; 11; 1; 5,24; 16,9; 1; 0,3; 350000; Сильное;
Итерация №: 108
max: 80,092
Values: 1; 1; 10; 11; 1; 5,24; 16,9; 1; 0,3; 350000; Сильное;
Итерация №: 109
max: 80,092
Values: 1; 1; 10; 11; 1; 5,24; 16,9; 1; 0,3; 350000; Сильное;
Итерация №: 110
max: 80,092
Values: 1; 1; 10; 11; 1; 5,24; 16,9; 1; 0,3; 350000; Сильное;
Итерация №: 111
max: 80,092
Values: 1; 1; 10; 11; 1; 5,24; 16,9; 1; 0,3; 350000; Сильное;
Итерация №: 112
max: 80,092
Values: 1; 1; 10; 11; 1; 5,24; 16,9; 1; 0,3; 350000; Сильное;
Итерация №: 113
max: 80,092
Values: 1; 1; 10; 11; 1; 5,24; 16,9; 1; 0,3; 350000; Сильное;
Итерация №: 114
max: 80,092
Values: 1; 1; 10; 11; 1; 5,24; 16,9; 1; 0,3; 350000; Сильное;
Итерация №: 115
max: 80,092
Values: 1; 1; 10; 11; 1; 5,24; 16,9; 1; 0,3; 350000; Сильное;
Итерация №: 116
max: 80,092
Values: 1; 1; 10; 11; 1; 5,24; 16,9; 1; 0,3; 350000; Сильное;
Итерация №: 117
max: 80,092
Values: 1; 1; 10; 11; 1; 5,24; 16,9; 1; 0,3; 350000; Сильное;
Итерация №: 118
max: 80,092
Values: 1; 1; 10; 11; 1; 5,24; 16,9; 1; 0,3; 350000; Сильное;
Итерация №: 119
max: 80,092
Values: 1; 1; 10; 11; 1; 5,24; 16,9; 1; 0,3; 350000; Сильное;
Итерация №: 120
max: 80,092
Values: 1; 1; 10; 11; 1; 5,24; 16,9; 1; 0,3; 350000; Сильное;
Итерация №: 121
max: 80,092
Values: 1; 1; 10; 11; 1; 5,24; 16,9; 1; 0,3; 350000; Сильное;
Итерация №: 122
max: 80,092
Values: 1; 1; 10; 11; 1; 5,24; 16,9; 1; 0,3; 350000; Сильное;
Итерация №: 123
max: 80,092
Values: 1; 1; 10; 11; 1; 5,24; 16,9; 1; 0,3; 350000; Сильное;
Итерация №: 124
max: 80,092
Values: 1; 1; 10; 11; 1; 5,24; 16,9; 1; 0,3; 350000; Сильное;
Итерация №: 125
max: 80,092
Values: 1; 1; 10; 11; 1; 5,24; 16,9; 1; 0,3; 350000; Сильное;
Итерация №: 126
max: 80,092
Values: 1; 1; 10; 11; 1; 5,24; 16,9; 1; 0,3; 350000; Сильное;
Итерация №: 127
max: 80,092
Values: 1; 1; 10; 11; 1; 5,24; 16,9; 1; 0,3; 350000; Сильное;
Итерация №: 128
max: 80,092
Values: 1; 1; 10; 11; 1; 5,24; 16,9; 1; 0,3; 350000; Сильное;
Итерация №: 129
max: 80,092
Values: 1; 1; 10; 11; 1; 5,24; 16,9; 1; 0,3; 350000; Сильное;
Итерация №: 130
max: 80,092
Values: 1; 1; 10; 11; 1; 5,24; 16,9; 1; 0,3; 350000; Сильное;
Итерация №: 131
max: 80,092
Values: 1; 1; 10; 11; 1; 5,24; 16,9; 1; 0,3; 350000; Сильное;
Итерация №: 132
max: 80,092
Values: 1; 1; 10; 11; 1; 5,24; 16,9; 1; 0,3; 350000; Сильное;
Итерация №: 133
max: 80,092
Values: 1; 1; 10; 11; 1; 5,24; 16,9; 1; 0,3; 350000; Сильное;
Итерация №: 134
max: 80,092
Values: 1; 1; 10; 11; 1; 5,24; 16,9; 1; 0,3; 350000; Сильное;
Итерация №: 135
max: 80,092
Values: 1; 1; 10; 11; 1; 5,24; 16,9; 1; 0,3; 350000; Сильное;
Итерация №: 136
max: 80,092
Values: 1; 1; 10; 11; 1; 5,24; 16,9; 1; 0,3; 350000; Сильное;
Итерация №: 137
max: 80,092
Values: 1; 1; 10; 11; 1; 5,24; 16,9; 1; 0,3; 350000; Сильное;
Итерация №: 138
max: 80,092
Values: 1; 1; 10; 11; 1; 5,24; 16,9; 1; 0,3; 350000; Сильное;
Итерация №: 139
max: 80,092
Values: 1; 1; 10; 11; 1; 5,24; 16,9; 1; 0,3; 350000; Сильное;
Итерация №: 140
max: 80,092
Values: 1; 1; 10; 11; 1; 5,24; 16,9; 1; 0,3; 350000; Сильное;
Итерация №: 141
max: 80,092
Values: 1; 1; 10; 11; 1; 5,24; 16,9; 1; 0,3; 350000; Сильное;
Итерация №: 142
max: 80,092
Values: 1; 1; 10; 11; 1; 5,24; 16,9; 1; 0,3; 350000; Сильное;
Итерация №: 143
max: 80,092
Values: 1; 1; 10; 11; 1; 5,24; 16,9; 1; 0,3; 350000; Сильное;
Итерация №: 144
max: 80,092
Values: 1; 1; 10; 11; 1; 5,24; 16,9; 1; 0,3; 350000; Сильное;
Итерация №: 145
max: 80,092
Values: 1; 1; 10; 11; 1; 5,24; 16,9; 1; 0,3; 350000; Сильное;
Итерация №: 146
max: 80,092
Values: 1; 1; 10; 11; 1; 5,24; 16,9; 1; 0,3; 350000; Сильное;
Итерация №: 147
max: 80,092
Values: 1; 1; 10; 11; 1; 5,24; 16,9; 1; 0,3; 350000; Сильное;
Итерация №: 148
max: 80,092
Values: 1; 1; 10; 11; 1; 5,24; 16,9; 1; 0,3; 350000; Сильное;
Итерация №: 149
max: 80,092
Values: 1; 1; 10; 11; 1; 5,24; 16,9; 1; 0,3; 350000; Сильное;
Итерация №: 150
max: 80,092
Values: 1; 1; 10; 11; 1; 5,24; 16,9; 1; 0,3; 350000; Сильное;
Итерация №: 151
max: 80,092
Values: 1; 1; 10; 11; 1; 5,24; 16,9; 1; 0,3; 350000; Сильное;
Итерация №: 152
max: 80,092
Values: 1; 1; 10; 11; 1; 5,24; 16,9; 1; 0,3; 350000; Сильное;
Итерация №: 153
max: 80,092
Values: 1; 1; 10; 11; 1; 5,24; 16,9; 1; 0,3; 350000; Сильное;
Итерация №: 154
max: 80,092
Values: 1; 1; 10; 11; 1; 5,24; 16,9; 1; 0,3; 350000; Сильное;
Итерация №: 155
max: 80,092
Values: 1; 1; 10; 11; 1; 5,24; 16,9; 1; 0,3; 350000; Сильное;
Итерация №: 156
max: 80,092
Values: 1; 1; 10; 11; 1; 5,24; 16,9; 1; 0,3; 350000; Сильное;
Итерация №: 157
max: 80,092
Values: 1; 1; 10; 11; 1; 5,24; 16,9; 1; 0,3; 350000; Сильное;
Итерация №: 158
max: 80,092
Values: 1; 1; 10; 11; 1; 5,24; 16,9; 1; 0,3; 350000; Сильное;
Итерация №: 159
max: 80,092
Values: 1; 1; 10; 11; 1; 5,24; 16,9; 1; 0,3; 350000; Сильное;
Итерация №: 160
max: 80,092
Values: 1; 1; 10; 11; 1; 5,24; 16,9; 1; 0,3; 350000; Сильное;
Итерация №: 161
max: 80,092
Values: 1; 1; 10; 11; 1; 5,24; 16,9; 1; 0,3; 350000; Сильное;
Итерация №: 162
max: 80,092
Values: 1; 1; 10; 11; 1; 5,24; 16,9; 1; 0,3; 350000; Сильное;
Итерация №: 163
max: 80,092
Values: 1; 1; 10; 11; 1; 5,24; 16,9; 1; 0,3; 350000; Сильное;
Итерация №: 164
max: 80,092
Values: 1; 1; 10; 11; 1; 5,24; 16,9; 1; 0,3; 350000; Сильное;
Итерация №: 165
max: 80,092
Values: 1; 1; 10; 11; 1; 5,24; 16,9; 1; 0,3; 350000; Сильное;
Итерация №: 166
max: 80,092
Values: 1; 1; 10; 11; 1; 5,24; 16,9; 1; 0,3; 350000; Сильное;
Итерация №: 167
max: 80,092
Values: 1; 1; 10; 11; 1; 5,24; 16,9; 1; 0,3; 350000; Сильное;
Итерация №: 168
max: 80,092
Values: 1; 1; 10; 11; 1; 5,24; 16,9; 1; 0,3; 350000; Сильное;
Итерация №: 169
max: 80,092
Values: 1; 1; 10; 11; 1; 5,24; 16,9; 1; 0,3; 350000; Сильное;
Итерация №: 170
max: 80,092
Values: 1; 1; 10; 11; 1; 5,24; 16,9; 1; 0,3; 350000; Сильное;
Итерация №: 171
max: 80,092
Values: 1; 1; 10; 11; 1; 5,24; 16,9; 1; 0,3; 350000; Сильное;
Итерация №: 172
max: 80,092
Values: 1; 1; 10; 11; 1; 5,24; 16,9; 1; 0,3; 350000; Сильное;
Итерация №: 173
max: 80,092
Values: 1; 1; 10; 11; 1; 5,24; 16,9; 1; 0,3; 350000; Сильное;
Итерация №: 174
max: 80,092
Values: 1; 1; 10; 11; 1; 5,24; 16,9; 1; 0,3; 350000; Сильное;
Итерация №: 175
max: 80,092
Values: 1; 1; 10; 11; 1; 5,24; 16,9; 1; 0,3; 350000; Сильное;
Итерация №: 176
max: 80,092
Values: 1; 1; 10; 11; 1; 5,24; 16,9; 1; 0,3; 350000; Сильное;
Итерация №: 177
max: 80,092
Values: 1; 1; 10; 11; 1; 5,24; 16,9; 1; 0,3; 350000; Сильное;
Итерация №: 178
max: 80,092
Values: 1; 1; 10; 11; 1; 5,24; 16,9; 1; 0,3; 350000; Сильное;
Итерация №: 179
max: 80,092
Values: 1; 1; 10; 11; 1; 5,24; 16,9; 1; 0,3; 350000; Сильное;
Итерация №: 180
max: 80,092
Values: 1; 1; 10; 11; 1; 5,24; 16,9; 1; 0,3; 350000; Сильное;
Итерация №: 181
max: 80,092
Values: 1; 1; 10; 11; 1; 5,24; 16,9; 1; 0,3; 350000; Сильное;
Итерация №: 182
max: 80,092
Values: 1; 1; 10; 11; 1; 5,24; 16,9; 1; 0,3; 350000; Сильное;
Итерация №: 183
max: 80,092
Values: 1; 1; 10; 11; 1; 5,24; 16,9; 1; 0,3; 350000; Сильное;
Итерация №: 184
max: 80,092
Values: 1; 1; 10; 11; 1; 5,24; 16,9; 1; 0,3; 350000; Сильное;
Итерация №: 185
max: 80,092
Values: 1; 1; 10; 11; 1; 5,24; 16,9; 1; 0,3; 350000; Сильное;
Итерация №: 186
max: 80,092
Values: 1; 1; 10; 11; 1; 5,24; 16,9; 1; 0,3; 350000; Сильное;
Итерация №: 187
max: 80,092
Values: 1; 1; 10; 11; 1; 5,24; 16,9; 1; 0,3; 350000; Сильное;
Итерация №: 188
max: 80,092
Values: 1; 1; 10; 11; 1; 5,24; 16,9; 1; 0,3; 350000; Сильное;
Итерация №: 189
max: 80,092
Values: 1; 1; 10; 11; 1; 5,24; 16,9; 1; 0,3; 350000; Сильное;
Итерация №: 190
max: 80,092
Values: 1; 1; 10; 11; 1; 5,24; 16,9; 1; 0,3; 350000; Сильное;
Итерация №: 191
max: 80,092
Values: 1; 1; 10; 11; 1; 5,24; 16,9; 1; 0,3; 350000; Сильное;
Итерация №: 192
max: 80,092
Values: 1; 1; 10; 11; 1; 5,24; 16,9; 1; 0,3; 350000; Сильное;
Итерация №: 193
max: 80,092
Values: 1; 1; 10; 11; 1; 5,24; 16,9; 1; 0,3; 350000; Сильное;
Итерация №: 194
max: 80,092
Values: 1; 1; 10; 11; 1; 5,24; 16,9; 1; 0,3; 350000; Сильное;
Итерация №: 195
max: 80,092
Values: 1; 1; 10; 11; 1; 5,24; 16,9; 1; 0,3; 350000; Сильное;
Итерация №: 196
max: 80,092
Values: 1; 1; 10; 11; 1; 5,24; 16,9; 1; 0,3; 350000; Сильное;
Итерация №: 197
max: 80,092
Values: 1; 1; 10; 11; 1; 5,24; 16,9; 1; 0,3; 350000; Сильное;
Итерация №: 198
max: 80,092
Values: 1; 1; 10; 11; 1; 5,24; 16,9; 1; 0,3; 350000; Сильное;
Итерация №: 199
max: 80,092
Values: 1; 1; 10; 11; 1; 5,24; 16,9; 1; 0,3; 350000; Сильное;
Итерация №: 200
max: 80,092
Values: 1; 1; 10; 11; 1; 5,24; 16,9; 1; 0,3; 350000; Сильное;
Итерация №: 201
max: 80,092
Values: 1; 1; 10; 11; 1; 5,24; 16,9; 1; 0,3; 350000; Сильное;
Итерация №: 202
max: 80,092
Values: 1; 1; 10; 11; 1; 5,24; 16,9; 1; 0,3; 350000; Сильное;
Итерация №: 203
max: 80,092
Values: 1; 1; 10; 11; 1; 5,24; 16,9; 1; 0,3; 350000; Сильное;
Итерация №: 204
max: 80,092
Values: 1; 1; 10; 11; 1; 5,24; 16,9; 1; 0,3; 350000; Сильное;
Итерация №: 205
max: 80,092
Values: 1; 1; 10; 11; 1; 5,24; 16,9; 1; 0,3; 350000; Сильное;
Итерация №: 206
max: 80,092
Values: 1; 1; 10; 11; 1; 5,24; 16,9; 1; 0,3; 350000; Сильное;
Итерация №: 207
max: 80,092
Values: 1; 1; 10; 11; 1; 5,24; 16,9; 1; 0,3; 350000; Сильное;
Итерация №: 208
max: 80,092
Values: 1; 1; 10; 11; 1; 5,24; 16,9; 1; 0,3; 350000; Сильное;
Итерация №: 209
max: 80,092
Values: 1; 1; 10; 11; 1; 5,24; 16,9; 1; 0,3; 350000; Сильное;
Итерация №: 210
max: 80,092
Values: 1; 1; 10; 11; 1; 5,24; 16,9; 1; 0,3; 350000; Сильное;
Итерация №: 211
max: 80,092
Values: 1; 1; 10; 11; 1; 5,24; 16,9; 1; 0,3; 350000; Сильное;
Итерация №: 212
max: 80,092
Values: 1; 1; 10; 11; 1; 5,24; 16,9; 1; 0,3; 350000; Сильное;
Итерация №: 213
max: 80,092
Values: 1; 1; 10; 11; 1; 5,24; 16,9; 1; 0,3; 350000; Сильное;
Итерация №: 214
max: 80,092
Values: 1; 1; 10; 11; 1; 5,24; 16,9; 1; 0,3; 350000; Сильное;
Итерация №: 215
max: 80,092
Values: 1; 1; 10; 11; 1; 5,24; 16,9; 1; 0,3; 350000; Сильное;
Итерация №: 216
max: 80,092
Values: 1; 1; 10; 11; 1; 5,24; 16,9; 1; 0,3; 350000; Сильное;
Итерация №: 217
max: 80,092
Values: 1; 1; 10; 11; 1; 5,24; 16,9; 1; 0,3; 350000; Сильное;
Итерация №: 218
max: 80,092
Values: 1; 1; 10; 11; 1; 5,24; 16,9; 1; 0,3; 350000; Сильное;
Итерация №: 219
max: 80,092
Values: 1; 1; 10; 11; 1; 5,24; 16,9; 1; 0,3; 350000; Сильное;
Итерация №: 220
max: 80,092
Values: 1; 1; 10; 11; 1; 5,24; 16,9; 1; 0,3; 350000; Сильное;
Итерация №: 221
max: 80,092
Values: 1; 1; 10; 11; 1; 5,24; 16,9; 1; 0,3; 350000; Сильное;
Итерация №: 222
max: 80,092
Values: 1; 1; 10; 11; 1; 5,24; 16,9; 1; 0,3; 350000; Сильное;
Итерация №: 223
max: 80,092
Values: 1; 1; 10; 11; 1; 5,24; 16,9; 1; 0,3; 350000; Сильное;
Итерация №: 224
max: 80,092
Values: 1; 1; 10; 11; 1; 5,24; 16,9; 1; 0,3; 350000; Сильное;
Итерация №: 225
max: 80,092
Values: 1; 1; 10; 11; 1; 5,24; 16,9; 1; 0,3; 350000; Сильное;
Итерация №: 226
max: 80,092
Values: 1; 1; 10; 11; 1; 5,24; 16,9; 1; 0,3; 350000; Сильное;
Итерация №: 227
max: 80,092
Values: 1; 1; 10; 11; 1; 5,24; 16,9; 1; 0,3; 350000; Сильное;
Итерация №: 228
max: 80,092
Values: 1; 1; 10; 11; 1; 5,24; 16,9; 1; 0,3; 350000; Сильное;
Итерация №: 229
max: 80,092
Values: 1; 1; 10; 11; 1; 5,24; 16,9; 1; 0,3; 350000; Сильное;
Итерация №: 230
max: 80,092
Values: 1; 1; 10; 11; 1; 5,24; 16,9; 1; 0,3; 350000; Сильное;
Итерация №: 231
max: 80,092
Values: 1; 1; 10; 11; 1; 5,24; 16,9; 1; 0,3; 350000; Сильное;
Итерация №: 232
max: 80,092
Values: 1; 1; 10; 11; 1; 5,24; 16,9; 1; 0,3; 350000; Сильное;
Итерация №: 233
max: 80,092
Values: 1; 1; 10; 11; 1; 5,24; 16,9; 1; 0,3; 350000; Сильное;
Итерация №: 234
max: 80,092
Values: 1; 1; 10; 11; 1; 5,24; 16,9; 1; 0,3; 350000; Сильное;
Итерация №: 235
max: 80,092
Values: 1; 1; 10; 11; 1; 5,24; 16,9; 1; 0,3; 350000; Сильное;
Итерация №: 236
max: 80,092
Values: 1; 1; 10; 11; 1; 5,24; 16,9; 1; 0,3; 350000; Сильное;
Итерация №: 237
max: 80,092
Values: 1; 1; 10; 11; 1; 5,24; 16,9; 1; 0,3; 350000; Сильное;
Итерация №: 238
max: 80,092
Values: 1; 1; 10; 11; 1; 5,24; 16,9; 1; 0,3; 350000; Сильное;
Итерация №: 239
max: 80,092
Values: 1; 1; 10; 11; 1; 5,24; 16,9; 1; 0,3; 350000; Сильное;
Итерация №: 240
max: 80,092
Values: 1; 1; 10; 11; 1; 5,24; 16,9; 1; 0,3; 350000; Сильное;
Итерация №: 241
max: 80,092
Values: 1; 1; 10; 11; 1; 5,24; 16,9; 1; 0,3; 350000; Сильное;
Итерация №: 242
max: 80,092
Values: 1; 1; 10; 11; 1; 5,24; 16,9; 1; 0,3; 350000; Сильное;
Итерация №: 243
max: 80,092
Values: 1; 1; 10; 11; 1; 5,24; 16,9; 1; 0,3; 350000; Сильное;
Итерация №: 244
max: 80,092
Values: 1; 1; 10; 11; 1; 5,24; 16,9; 1; 0,3; 350000; Сильное;
Итерация №: 245
max: 80,092
Values: 1; 1; 10; 11; 1; 5,24; 16,9; 1; 0,3; 350000; Сильное;
Итерация №: 246
max: 80,092
Values: 1; 1; 10; 11; 1; 5,24; 16,9; 1; 0,3; 350000; Сильное;
Итерация №: 247
max: 80,092
Values: 1; 1; 10; 11; 1; 5,24; 16,9; 1; 0,3; 350000; Сильное;
Итерация №: 248
max: 80,092
Values: 1; 1; 10; 11; 1; 5,24; 16,9; 1; 0,3; 350000; Сильное;
Итерация №: 249
max: 80,092
Values: 1; 1; 10; 11; 1; 5,24; 16,9; 1; 0,3; 350000; Сильное;
Итерация №: 250
max: 80,092
Values: 1; 1; 10; 11; 1; 5,24; 16,9; 1; 0,3; 350000; Сильное;
Итерация №: 251
max: 80,092
Values: 1; 1; 10; 11; 1; 5,24; 16,9; 1; 0,3; 350000; Сильное;
Итерация №: 252
max: 80,092
Values: 1; 1; 10; 11; 1; 5,24; 16,9; 1; 0,3; 350000; Сильное;
Итерация №: 253
max: 80,092
Values: 1; 1; 10; 11; 1; 5,24; 16,9; 1; 0,3; 350000; Сильное;
Итерация №: 254
max: 80,092
Values: 1; 1; 10; 11; 1; 5,24; 16,9; 1; 0,3; 350000; Сильное;
Итерация №: 255
max: 80,092
Values: 1; 1; 10; 11; 1; 5,24; 16,9; 1; 0,3; 350000; Сильное;
Итерация №: 256
max: 80,092
Values: 1; 1; 10; 11; 1; 5,24; 16,9; 1; 0,3; 350000; Сильное;
Итерация №: 257
max: 80,092
Values: 1; 1; 10; 11; 1; 5,24; 16,9; 1; 0,3; 350000; Сильное;
Итерация №: 258
max: 80,092
Values: 1; 1; 10; 11; 1; 5,24; 16,9; 1; 0,3; 350000; Сильное;
Итерация №: 259
max: 80,092
Values: 1; 1; 10; 11; 1; 5,24; 16,9; 1; 0,3; 350000; Сильное;
Итерация №: 260
max: 80,092
Values: 1; 1; 10; 11; 1; 5,24; 16,9; 1; 0,3; 350000; Сильное;
Итерация №: 261
max: 80,092
Values: 1; 1; 10; 11; 1; 5,24; 16,9; 1; 0,3; 350000; Сильное;
Итерация №: 262
max: 80,092
Values: 1; 1; 10; 11; 1; 5,24; 16,9; 1; 0,3; 350000; Сильное;
Итерация №: 263
max: 80,092
Values: 1; 1; 10; 11; 1; 5,24; 16,9; 1; 0,3; 350000; Сильное;
Итерация №: 264
max: 80,092
Values: 1; 1; 10; 11; 1; 5,24; 16,9; 1; 0,3; 350000; Сильное;
Итерация №: 265
max: 80,092
Values: 1; 1; 10; 11; 1; 5,24; 16,9; 1; 0,3; 350000; Сильное;
Итерация №: 266
max: 80,092
Values: 1; 1; 10; 11; 1; 5,24; 16,9; 1; 0,3; 350000; Сильное;
Итерация №: 267
max: 80,092
Values: 1; 1; 10; 11; 1; 5,24; 16,9; 1; 0,3; 350000; Сильное;
Итерация №: 268
max: 80,092
Values: 1; 1; 10; 11; 1; 5,24; 16,9; 1; 0,3; 350000; Сильное;
Итерация №: 269
max: 80,092
Values: 1; 1; 10; 11; 1; 5,24; 16,9; 1; 0,3; 350000; Сильное;
Итерация №: 270
max: 80,092
Values: 1; 1; 10; 11; 1; 5,24; 16,9; 1; 0,3; 350000; Сильное;
Итерация №: 271
max: 80,092
Values: 1; 1; 10; 11; 1; 5,24; 16,9; 1; 0,3; 350000; Сильное;
Итерация №: 272
max: 80,092
Values: 1; 1; 10; 11; 1; 5,24; 16,9; 1; 0,3; 350000; Сильное;
Итерация №: 273
max: 80,092
Values: 1; 1; 10; 11; 1; 5,24; 16,9; 1; 0,3; 350000; Сильное;
Итерация №: 274
max: 80,092
Values: 1; 1; 10; 11; 1; 5,24; 16,9; 1; 0,3; 350000; Сильное;
Итерация №: 275
max: 80,092
Values: 1; 1; 10; 11; 1; 5,24; 16,9; 1; 0,3; 350000; Сильное;
Итерация №: 276
max: 80,092
Values: 1; 1; 10; 11; 1; 5,24; 16,9; 1; 0,3; 350000; Сильное;
Итерация №: 277
max: 80,092
Values: 1; 1; 10; 11; 1; 5,24; 16,9; 1; 0,3; 350000; Сильное;
Итерация №: 278
max: 80,092
Values: 1; 1; 10; 11; 1; 5,24; 16,9; 1; 0,3; 350000; Сильное;
Итерация №: 279
max: 80,092
Values: 1; 1; 10; 11; 1; 5,24; 16,9; 1; 0,3; 350000; Сильное;
Итерация №: 280
max: 80,092
Values: 1; 1; 10; 11; 1; 5,24; 16,9; 1; 0,3; 350000; Сильное;
Итерация №: 281
max: 80,092
Values: 1; 1; 10; 11; 1; 5,24; 16,9; 1; 0,3; 350000; Сильное;
Итерация №: 282
max: 80,092
Values: 1; 1; 10; 11; 1; 5,24; 16,9; 1; 0,3; 350000; Сильное;
Итерация №: 283
max: 80,092
Values: 1; 1; 10; 11; 1; 5,24; 16,9; 1; 0,3; 350000; Сильное;
Итерация №: 284
max: 80,092
Values: 1; 1; 10; 11; 1; 5,24; 16,9; 1; 0,3; 350000; Сильное;
Итерация №: 285
max: 80,092
Values: 1; 1; 10; 11; 1; 5,24; 16,9; 1; 0,3; 350000; Сильное;
Итерация №: 286
max: 80,092
Values: 1; 1; 10; 11; 1; 5,24; 16,9; 1; 0,3; 350000; Сильное;
Итерация №: 287
max: 80,092
Values: 1; 1; 10; 11; 1; 5,24; 16,9; 1; 0,3; 350000; Сильное;
Итерация №: 288
max: 80,092
Values: 1; 1; 10; 11; 1; 5,24; 16,9; 1; 0,3; 350000; Сильное;
Итерация №: 289
max: 80,092
Values: 1; 1; 10; 11; 1; 5,24; 16,9; 1; 0,3; 350000; Сильное;
Итерация №: 290
max: 80,092
Values: 1; 1; 10; 11; 1; 5,24; 16,9; 1; 0,3; 350000; Сильное;
Итерация №: 291
max: 80,092
Values: 1; 1; 10; 11; 1; 5,24; 16,9; 1; 0,3; 350000; Сильное;
Итерация №: 292
max: 80,092
Values: 1; 1; 10; 11; 1; 5,24; 16,9; 1; 0,3; 350000; Сильное;
Итерация №: 293
max: 80,092
Values: 1; 1; 10; 11; 1; 5,24; 16,9; 1; 0,3; 350000; Сильное;
Итерация №: 294
max: 80,092
Values: 1; 1; 10; 11; 1; 5,24; 16,9; 1; 0,3; 350000; Сильное;
Итерация №: 295
max: 80,092
Values: 1; 1; 10; 11; 1; 5,24; 16,9; 1; 0,3; 350000; Сильное;
Итерация №: 296
max: 80,092
Values: 1; 1; 10; 11; 1; 5,24; 16,9; 1; 0,3; 350000; Сильное;
Итерация №: 297
max: 80,092
Values: 1; 1; 10; 11; 1; 5,24; 16,9; 1; 0,3; 350000; Сильное;
Итерация №: 298
max: 80,092
Values: 1; 1; 10; 11; 1; 5,24; 16,9; 1; 0,3; 350000; Сильное;
Итерация №: 299
max: 80,092
Values: 1; 1; 10; 11; 1; 5,24; 16,9; 1; 0,3; 350000; Сильное;
Итерация №: 300
max: 80,092
Values: 1; 1; 10; 11; 1; 5,24; 16,9; 1; 0,3; 350000; Сильное;
Итерация №: 301
max: 80,092
Values: 1; 1; 10; 11; 1; 5,24; 16,9; 1; 0,3; 350000; Сильное;
Итерация №: 302
max: 80,092
Values: 1; 1; 10; 11; 1; 5,24; 16,9; 1; 0,3; 350000; Сильное;
Итерация №: 303
max: 80,092
Values: 1; 1; 10; 11; 1; 5,24; 16,9; 1; 0,3; 350000; Сильное;
Итерация №: 304
max: 80,092
Values: 1; 1; 10; 11; 1; 5,24; 16,9; 1; 0,3; 350000; Сильное;
Итерация №: 305
max: 80,092
Values: 1; 1; 10; 11; 1; 5,24; 16,9; 1; 0,3; 350000; Сильное;
Итерация №: 306
max: 80,092
Values: 1; 1; 10; 11; 1; 5,24; 16,9; 1; 0,3; 350000; Сильное;
Итерация №: 307
max: 80,092
Values: 1; 1; 10; 11; 1; 5,24; 16,9; 1; 0,3; 350000; Сильное;
Итерация №: 308
max: 80,092
Values: 1; 1; 10; 11; 1; 5,24; 16,9; 1; 0,3; 350000; Сильное;
Итерация №: 309
max: 80,092
Values: 1; 1; 10; 11; 1; 5,24; 16,9; 1; 0,3; 350000; Сильное;
Итерация №: 310
max: 80,092
Values: 1; 1; 10; 11; 1; 5,24; 16,9; 1; 0,3; 350000; Сильное;
Итерация №: 311
max: 80,092
Values: 1; 1; 10; 11; 1; 5,24; 16,9; 1; 0,3; 350000; Сильное;
Итерация №: 312
max: 80,092
Values: 1; 1; 10; 11; 1; 5,24; 16,9; 1; 0,3; 350000; Сильное;
Итерация №: 313
max: 80,092
Values: 1; 1; 10; 11; 1; 5,24; 16,9; 1; 0,3; 350000; Сильное;
Итерация №: 314
max: 80,092
Values: 1; 1; 10; 11; 1; 5,24; 16,9; 1; 0,3; 350000; Сильное;
Итерация №: 315
max: 80,092
Values: 1; 1; 10; 11; 1; 5,24; 16,9; 1; 0,3; 350000; Сильное;
Итерация №: 316
max: 80,092
Values: 1; 1; 10; 11; 1; 5,24; 16,9; 1; 0,3; 350000; Сильное;
Итерация №: 317
max: 80,092
Values: 1; 1; 10; 11; 1; 5,24; 16,9; 1; 0,3; 350000; Сильное;
Итерация №: 318
max: 80,092
Values: 1; 1; 10; 11; 1; 5,24; 16,9; 1; 0,3; 350000; Сильное;
Итерация №: 319
max: 80,092
Values: 1; 1; 10; 11; 1; 5,24; 16,9; 1; 0,3; 350000; Сильное;
Итерация №: 320
max: 80,092
Values: 1; 1; 10; 11; 1; 5,24; 16,9; 1; 0,3; 350000; Сильное;
Итерация №: 321
max: 80,092
Values: 1; 1; 10; 11; 1; 5,24; 16,9; 1; 0,3; 350000; Сильное;
Итерация №: 322
max: 80,092
Values: 1; 1; 10; 11; 1; 5,24; 16,9; 1; 0,3; 350000; Сильное;
Итерация №: 323
max: 80,092
Values: 1; 1; 10; 11; 1; 5,24; 16,9; 1; 0,3; 350000; Сильное;
Итерация №: 324
max: 80,092
Values: 1; 1; 10; 11; 1; 5,24; 16,9; 1; 0,3; 350000; Сильное;
Итерация №: 325
max: 80,092
Values: 1; 1; 10; 11; 1; 5,24; 16,9; 1; 0,3; 350000; Сильное;
Итерация №: 326
max: 80,092
Values: 1; 1; 10; 11; 1; 5,24; 16,9; 1; 0,3; 350000; Сильное;
Итерация №: 327
max: 80,092
Values: 1; 1; 10; 11; 1; 5,24; 16,9; 1; 0,3; 350000; Сильное;
Итерация №: 328
max: 80,092
Values: 1; 1; 10; 11; 1; 5,24; 16,9; 1; 0,3; 350000; Сильное;
Итерация №: 329
max: 80,092
Values: 1; 1; 10; 11; 1; 5,24; 16,9; 1; 0,3; 350000; Сильное;
Итерация №: 330
max: 80,092
Values: 1; 1; 10; 11; 1; 5,24; 16,9; 1; 0,3; 350000; Сильное;
Итерация №: 331
max: 80,092
Values: 1; 1; 10; 11; 1; 5,24; 16,9; 1; 0,3; 350000; Сильное;
Итерация №: 332
max: 80,092
Values: 1; 1; 10; 11; 1; 5,24; 16,9; 1; 0,3; 350000; Сильное;
Итерация №: 333
max: 80,092
Values: 1; 1; 10; 11; 1; 5,24; 16,9; 1; 0,3; 350000; Сильное;
Итерация №: 334
max: 80,092
Values: 1; 1; 10; 11; 1; 5,24; 16,9; 1; 0,3; 350000; Сильное;
Итерация №: 335
max: 80,092
Values: 1; 1; 10; 11; 1; 5,24; 16,9; 1; 0,3; 350000; Сильное;
Итерация №: 336
max: 80,092
Values: 1; 1; 10; 11; 1; 5,24; 16,9; 1; 0,3; 350000; Сильное;
Итерация №: 337
max: 80,092
Values: 1; 1; 10; 11; 1; 5,24; 16,9; 1; 0,3; 350000; Сильное;
Итерация №: 338
max: 80,092
Values: 1; 1; 10; 11; 1; 5,24; 16,9; 1; 0,3; 350000; Сильное;
Итерация №: 339
max: 80,092
Values: 1; 1; 10; 11; 1; 5,24; 16,9; 1; 0,3; 350000; Сильное;
Итерация №: 340
max: 80,092
Values: 1; 1; 10; 11; 1; 5,24; 16,9; 1; 0,3; 350000; Сильное;
Итерация №: 341
max: 80,092
Values: 1; 1; 10; 11; 1; 5,24; 16,9; 1; 0,3; 350000; Сильное;
Итерация №: 342
max: 80,092
Values: 1; 1; 10; 11; 1; 5,24; 16,9; 1; 0,3; 350000; Сильное;
Итерация №: 343
max: 80,092
Values: 1; 1; 10; 11; 1; 5,24; 16,9; 1; 0,3; 350000; Сильное;
Итерация №: 344
max: 80,092
Values: 1; 1; 10; 11; 1; 5,24; 16,9; 1; 0,3; 350000; Сильное;
Итерация №: 345
max: 80,092
Values: 1; 1; 10; 11; 1; 5,24; 16,9; 1; 0,3; 350000; Сильное;
Итерация №: 346
max: 80,092
Values: 1; 1; 10; 11; 1; 5,24; 16,9; 1; 0,3; 350000; Сильное;
Итерация №: 347
max: 80,092
Values: 1; 1; 10; 11; 1; 5,24; 16,9; 1; 0,3; 350000; Сильное;
Итерация №: 348
max: 80,092
Values: 1; 1; 10; 11; 1; 5,24; 16,9; 1; 0,3; 350000; Сильное;
Итерация №: 349
max: 80,092
Values: 1; 1; 10; 11; 1; 5,24; 16,9; 1; 0,3; 350000; Сильное;
Итерация №: 350
max: 80,092
Values: 1; 1; 10; 11; 1; 5,24; 16,9; 1; 0,3; 350000; Сильное;
Итерация №: 351
max: 80,092
Values: 1; 1; 10; 11; 1; 5,24; 16,9; 1; 0,3; 350000; Сильное;
Итерация №: 352
max: 80,092
Values: 1; 1; 10; 11; 1; 5,24; 16,9; 1; 0,3; 350000; Сильное;
Итерация №: 353
max: 80,092
Values: 1; 1; 10; 11; 1; 5,24; 16,9; 1; 0,3; 350000; Сильное;
Итерация №: 354
max: 80,092
Values: 1; 1; 10; 11; 1; 5,24; 16,9; 1; 0,3; 350000; Сильное;
Итерация №: 355
max: 80,092
Values: 1; 1; 10; 11; 1; 5,24; 16,9; 1; 0,3; 350000; Сильное;
Итерация №: 356
max: 80,092
Values: 1; 1; 10; 11; 1; 5,24; 16,9; 1; 0,3; 350000; Сильное;
Итерация №: 357
max: 80,092
Values: 1; 1; 10; 11; 1; 5,24; 16,9; 1; 0,3; 350000; Сильное;
Итерация №: 358
max: 80,092
Values: 1; 1; 10; 11; 1; 5,24; 16,9; 1; 0,3; 350000; Сильное;
Итерация №: 359
max: 80,092
Values: 1; 1; 10; 11; 1; 5,24; 16,9; 1; 0,3; 350000; Сильное;
Итерация №: 360
max: 80,092
Values: 1; 1; 10; 11; 1; 5,24; 16,9; 1; 0,3; 350000; Сильное;
Итерация №: 361
max: 80,092
Values: 1; 1; 10; 11; 1; 5,24; 16,9; 1; 0,3; 350000; Сильное;
Итерация №: 362
max: 80,092
Values: 1; 1; 10; 11; 1; 5,24; 16,9; 1; 0,3; 350000; Сильное;
Итерация №: 363
max: 80,092
Values: 1; 1; 10; 11; 1; 5,24; 16,9; 1; 0,3; 350000; Сильное;
Итерация №: 364
max: 80,092
Values: 1; 1; 10; 11; 1; 5,24; 16,9; 1; 0,3; 350000; Сильное;
Итерация №: 365
max: 80,092
Values: 1; 1; 10; 11; 1; 5,24; 16,9; 1; 0,3; 350000; Сильное;
Итерация №: 366
max: 80,092
Values: 1; 1; 10; 11; 1; 5,24; 16,9; 1; 0,3; 350000; Сильное;
Итерация №: 367
max: 80,092
Values: 1; 1; 10; 11; 1; 5,24; 16,9; 1; 0,3; 350000; Сильное;
Итерация №: 368
max: 80,092
Values: 1; 1; 10; 11; 1; 5,24; 16,9; 1; 0,3; 350000; Сильное;
Итерация №: 369
max: 80,092
Values: 1; 1; 10; 11; 1; 5,24; 16,9; 1; 0,3; 350000; Сильное;
Итерация №: 370
max: 80,092
Values: 1; 1; 10; 11; 1; 5,24; 16,9; 1; 0,3; 350000; Сильное;
Итерация №: 371
max: 80,092
Values: 1; 1; 10; 11; 1; 5,24; 16,9; 1; 0,3; 350000; Сильное;
Итерация №: 372
max: 80,092
Values: 1; 1; 10; 11; 1; 5,24; 16,9; 1; 0,3; 350000; Сильное;
Итерация №: 373
max: 80,092
Values: 1; 1; 10; 11; 1; 5,24; 16,9; 1; 0,3; 350000; Сильное;
Итерация №: 374
max: 80,092
Values: 1; 1; 10; 11; 1; 5,24; 16,9; 1; 0,3; 350000; Сильное;
Итерация №: 375
max: 80,092
Values: 1; 1; 10; 11; 1; 5,24; 16,9; 1; 0,3; 350000; Сильное;
Итерация №: 376
max: 80,092
Values: 1; 1; 10; 11; 1; 5,24; 16,9; 1; 0,3; 350000; Сильное;
Итерация №: 377
max: 80,092
Values: 1; 1; 10; 11; 1; 5,24; 16,9; 1; 0,3; 350000; Сильное;
Итерация №: 378
max: 80,092
Values: 1; 1; 10; 11; 1; 5,24; 16,9; 1; 0,3; 350000; Сильное;
Итерация №: 379
max: 80,092
Values: 1; 1; 10; 11; 1; 5,24; 16,9; 1; 0,3; 350000; Сильное;
Итерация №: 380
max: 80,092
Values: 1; 1; 10; 11; 1; 5,24; 16,9; 1; 0,3; 350000; Сильное;
Итерация №: 381
max: 80,092
Values: 1; 1; 10; 11; 1; 5,24; 16,9; 1; 0,3; 350000; Сильное;
Итерация №: 382
max: 80,092
Values: 1; 1; 10; 11; 1; 5,24; 16,9; 1; 0,3; 350000; Сильное;
Итерация №: 383
max: 80,092
Values: 1; 1; 10; 11; 1; 5,24; 16,9; 1; 0,3; 350000; Сильное;
Итерация №: 384
max: 80,092
Values: 1; 1; 10; 11; 1; 5,24; 16,9; 1; 0,3; 350000; Сильное;
Итерация №: 385
max: 80,092
Values: 1; 1; 10; 11; 1; 5,24; 16,9; 1; 0,3; 350000; Сильное;
Итерация №: 386
max: 80,092
Values: 1; 1; 10; 11; 1; 5,24; 16,9; 1; 0,3; 350000; Сильное;
Итерация №: 387
max: 80,092
Values: 1; 1; 10; 11; 1; 5,24; 16,9; 1; 0,3; 350000; Сильное;
Итерация №: 388
max: 80,092
Values: 1; 1; 10; 11; 1; 5,24; 16,9; 1; 0,3; 350000; Сильное;
Итерация №: 389
max: 80,092
Values: 1; 1; 10; 11; 1; 5,24; 16,9; 1; 0,3; 350000; Сильное;
Итерация №: 390
max: 80,092
Values: 1; 1; 10; 11; 1; 5,24; 16,9; 1; 0,3; 350000; Сильное;
Итерация №: 391
max: 80,092
Values: 1; 1; 10; 11; 1; 5,24; 16,9; 1; 0,3; 350000; Сильное;
Итерация №: 392
max: 80,092
Values: 1; 1; 10; 11; 1; 5,24; 16,9; 1; 0,3; 350000; Сильное;
Итерация №: 393
max: 80,092
Values: 1; 1; 10; 11; 1; 5,24; 16,9; 1; 0,3; 350000; Сильное;
Итерация №: 394
max: 80,092
Values: 1; 1; 10; 11; 1; 5,24; 16,9; 1; 0,3; 350000; Сильное;
Итерация №: 395
max: 80,092
Values: 1; 1; 10; 11; 1; 5,24; 16,9; 1; 0,3; 350000; Сильное;
Итерация №: 396
max: 80,092
Values: 1; 1; 10; 11; 1; 5,24; 16,9; 1; 0,3; 350000; Сильное;
Итерация №: 397
max: 80,092
Values: 1; 1; 10; 11; 1; 5,24; 16,9; 1; 0,3; 350000; Сильное;
Итерация №: 398
max: 80,092
Values: 1; 1; 10; 11; 1; 5,24; 16,9; 1; 0,3; 350000; Сильное;
Итерация №: 399
max: 80,092
Values: 1; 1; 10; 11; 1; 5,24; 16,9; 1; 0,3; 350000; Сильное;
Итерация №: 400
max: 80,092
Values: 1; 1; 10; 11; 1; 5,24; 16,9; 1; 0,3; 350000; Сильное;
Итерация №: 401
max: 80,092
Values: 1; 1; 10; 11; 1; 5,24; 16,9; 1; 0,3; 350000; Сильное;
Итерация №: 402
max: 80,092
Values: 1; 1; 10; 11; 1; 5,24; 16,9; 1; 0,3; 350000; Сильное;
Итерация №: 403
max: 80,092
Values: 1; 1; 10; 11; 1; 5,24; 16,9; 1; 0,3; 350000; Сильное;
Итерация №: 404
max: 80,092
Values: 1; 1; 10; 11; 1; 5,24; 16,9; 1; 0,3; 350000; Сильное;
Итерация №: 405
max: 80,092
Values: 1; 1; 10; 11; 1; 5,24; 16,9; 1; 0,3; 350000; Сильное;
Итерация №: 406
max: 80,092
Values: 1; 1; 10; 11; 1; 5,24; 16,9; 1; 0,3; 350000; Сильное;
Итерация №: 407
max: 80,092
Values: 1; 1; 10; 11; 1; 5,24; 16,9; 1; 0,3; 350000; Сильное;
Итерация №: 408
max: 80,092
Values: 1; 1; 10; 11; 1; 5,24; 16,9; 1; 0,3; 350000; Сильное;
Итерация №: 409
max: 80,092
Values: 1; 1; 10; 11; 1; 5,24; 16,9; 1; 0,3; 350000; Сильное;
Итерация №: 410
max: 80,092
Values: 1; 1; 10; 11; 1; 5,24; 16,9; 1; 0,3; 350000; Сильное;
Итерация №: 411
max: 80,092
Values: 1; 1; 10; 11; 1; 5,24; 16,9; 1; 0,3; 350000; Сильное;
Итерация №: 412
max: 80,092
Values: 1; 1; 10; 11; 1; 5,24; 16,9; 1; 0,3; 350000; Сильное;
Итерация №: 413
max: 80,092
Values: 1; 1; 10; 11; 1; 5,24; 16,9; 1; 0,3; 350000; Сильное;
Итерация №: 414
max: 80,092
Values: 1; 1; 10; 11; 1; 5,24; 16,9; 1; 0,3; 350000; Сильное;
Итерация №: 415
max: 80,092
Values: 1; 1; 10; 11; 1; 5,24; 16,9; 1; 0,3; 350000; Сильное;
Итерация №: 416
max: 80,092
Values: 1; 1; 10; 11; 1; 5,24; 16,9; 1; 0,3; 350000; Сильное;
Итерация №: 417
max: 80,092
Values: 1; 1; 10; 11; 1; 5,24; 16,9; 1; 0,3; 350000; Сильное;
Итерация №: 418
max: 80,092
Values: 1; 1; 10; 11; 1; 5,24; 16,9; 1; 0,3; 350000; Сильное;
Итерация №: 419
max: 80,092
Values: 1; 1; 10; 11; 1; 5,24; 16,9; 1; 0,3; 350000; Сильное;
Итерация №: 420
max: 80,092
Values: 1; 1; 10; 11; 1; 5,24; 16,9; 1; 0,3; 350000; Сильное;
Итерация №: 421
max: 80,092
Values: 1; 1; 10; 11; 1; 5,24; 16,9; 1; 0,3; 350000; Сильное;
Итерация №: 422
max: 80,092
Values: 1; 1; 10; 11; 1; 5,24; 16,9; 1; 0,3; 350000; Сильное;
Итерация №: 423
max: 80,092
Values: 1; 1; 10; 11; 1; 5,24; 16,9; 1; 0,3; 350000; Сильное;
Итерация №: 424
max: 80,092
Values: 1; 1; 10; 11; 1; 5,24; 16,9; 1; 0,3; 350000; Сильное;
Итерация №: 425
max: 80,092
Values: 1; 1; 10; 11; 1; 5,24; 16,9; 1; 0,3; 350000; Сильное;
Итерация №: 426
max: 80,092
Values: 1; 1; 10; 11; 1; 5,24; 16,9; 1; 0,3; 350000; Сильное;
Итерация №: 427
max: 80,092
Values: 1; 1; 10; 11; 1; 5,24; 16,9; 1; 0,3; 350000; Сильное;
Итерация №: 428
max: 80,092
Values: 1; 1; 10; 11; 1; 5,24; 16,9; 1; 0,3; 350000; Сильное;
Итерация №: 429
max: 80,092
Values: 1; 1; 10; 11; 1; 5,24; 16,9; 1; 0,3; 350000; Сильное;
Итерация №: 430
max: 80,092
Values: 1; 1; 10; 11; 1; 5,24; 16,9; 1; 0,3; 350000; Сильное;
Итерация №: 431
max: 80,092
Values: 1; 1; 10; 11; 1; 5,24; 16,9; 1; 0,3; 350000; Сильное;
Итерация №: 432
max: 80,092
Values: 1; 1; 10; 11; 1; 5,24; 16,9; 1; 0,3; 350000; Сильное;
Итерация №: 433
max: 80,092
Values: 1; 1; 10; 11; 1; 5,24; 16,9; 1; 0,3; 350000; Сильное;
Итерация №: 434
max: 80,092
Values: 1; 1; 10; 11; 1; 5,24; 16,9; 1; 0,3; 350000; Сильное;
Итерация №: 435
max: 80,092
Values: 1; 1; 10; 11; 1; 5,24; 16,9; 1; 0,3; 350000; Сильное;
Итерация №: 436
max: 80,092
Values: 1; 1; 10; 11; 1; 5,24; 16,9; 1; 0,3; 350000; Сильное;
Итерация №: 437
max: 80,092
Values: 1; 1; 10; 11; 1; 5,24; 16,9; 1; 0,3; 350000; Сильное;
Итерация №: 438
max: 80,092
Values: 1; 1; 10; 11; 1; 5,24; 16,9; 1; 0,3; 350000; Сильное;
Итерация №: 439
max: 80,092
Values: 1; 1; 10; 11; 1; 5,24; 16,9; 1; 0,3; 350000; Сильное;
Итерация №: 440
max: 80,092
Values: 1; 1; 10; 11; 1; 5,24; 16,9; 1; 0,3; 350000; Сильное;
Итерация №: 441
max: 80,092
Values: 1; 1; 10; 11; 1; 5,24; 16,9; 1; 0,3; 350000; Сильное;
Итерация №: 442
max: 80,092
Values: 1; 1; 10; 11; 1; 5,24; 16,9; 1; 0,3; 350000; Сильное;
Итерация №: 443
max: 80,092
Values: 1; 1; 10; 11; 1; 5,24; 16,9; 1; 0,3; 350000; Сильное;
Итерация №: 444
max: 80,092
Values: 1; 1; 10; 11; 1; 5,24; 16,9; 1; 0,3; 350000; Сильное;
Итерация №: 445
max: 80,092
Values: 1; 1; 10; 11; 1; 5,24; 16,9; 1; 0,3; 350000; Сильное;
Итерация №: 446
max: 80,092
Values: 1; 1; 10; 11; 1; 5,24; 16,9; 1; 0,3; 350000; Сильное;
Итерация №: 447
max: 80,092
Values: 1; 1; 10; 11; 1; 5,24; 16,9; 1; 0,3; 350000; Сильное;
Итерация №: 448
max: 80,092
Values: 1; 1; 10; 11; 1; 5,24; 16,9; 1; 0,3; 350000; Сильное;
Итерация №: 449
max: 80,092
Values: 1; 1; 10; 11; 1; 5,24; 16,9; 1; 0,3; 350000; Сильное;
Итерация №: 450
max: 80,092
Values: 1; 1; 10; 11; 1; 5,24; 16,9; 1; 0,3; 350000; Сильное;
Итерация №: 451
max: 80,092
Values: 1; 1; 10; 11; 1; 5,24; 16,9; 1; 0,3; 350000; Сильное;
Итерация №: 452
max: 80,092
Values: 1; 1; 10; 11; 1; 5,24; 16,9; 1; 0,3; 350000; Сильное;
Итерация №: 453
max: 80,092
Values: 1; 1; 10; 11; 1; 5,24; 16,9; 1; 0,3; 350000; Сильное;
Итерация №: 454
max: 80,092
Values: 1; 1; 10; 11; 1; 5,24; 16,9; 1; 0,3; 350000; Сильное;
Итерация №: 455
max: 80,092
Values: 1; 1; 10; 11; 1; 5,24; 16,9; 1; 0,3; 350000; Сильное;
Итерация №: 456
max: 80,092
Values: 1; 1; 10; 11; 1; 5,24; 16,9; 1; 0,3; 350000; Сильное;
Итерация №: 457
max: 80,092
Values: 1; 1; 10; 11; 1; 5,24; 16,9; 1; 0,3; 350000; Сильное;
Итерация №: 458
max: 80,092
Values: 1; 1; 10; 11; 1; 5,24; 16,9; 1; 0,3; 350000; Сильное;
Итерация №: 459
max: 80,092
Values: 1; 1; 10; 11; 1; 5,24; 16,9; 1; 0,3; 350000; Сильное;
Итерация №: 460
max: 80,092
Values: 1; 1; 10; 11; 1; 5,24; 16,9; 1; 0,3; 350000; Сильное;
Итерация №: 461
max: 80,092
Values: 1; 1; 10; 11; 1; 5,24; 16,9; 1; 0,3; 350000; Сильное;
Итерация №: 462
max: 80,092
Values: 1; 1; 10; 11; 1; 5,24; 16,9; 1; 0,3; 350000; Сильное;
Итерация №: 463
max: 80,092
Values: 1; 1; 10; 11; 1; 5,24; 16,9; 1; 0,3; 350000; Сильное;
Итерация №: 464
max: 80,092
Values: 1; 1; 10; 11; 1; 5,24; 16,9; 1; 0,3; 350000; Сильное;
Итерация №: 465
max: 80,092
Values: 1; 1; 10; 11; 1; 5,24; 16,9; 1; 0,3; 350000; Сильное;
Итерация №: 466
max: 80,092
Values: 1; 1; 10; 11; 1; 5,24; 16,9; 1; 0,3; 350000; Сильное;
Итерация №: 467
max: 80,092
Values: 1; 1; 10; 11; 1; 5,24; 16,9; 1; 0,3; 350000; Сильное;
Итерация №: 468
max: 80,092
Values: 1; 1; 10; 11; 1; 5,24; 16,9; 1; 0,3; 350000; Сильное;
Итерация №: 469
max: 80,092
Values: 1; 1; 10; 11; 1; 5,24; 16,9; 1; 0,3; 350000; Сильное;
Итерация №: 470
max: 80,092
Values: 1; 1; 10; 11; 1; 5,24; 16,9; 1; 0,3; 350000; Сильное;
Итерация №: 471
max: 80,092
Values: 1; 1; 10; 11; 1; 5,24; 16,9; 1; 0,3; 350000; Сильное;
Итерация №: 472
max: 80,092
Values: 1; 1; 10; 11; 1; 5,24; 16,9; 1; 0,3; 350000; Сильное;
Итерация №: 473
max: 80,092
Values: 1; 1; 10; 11; 1; 5,24; 16,9; 1; 0,3; 350000; Сильное;
Итерация №: 474
max: 80,092
Values: 1; 1; 10; 11; 1; 5,24; 16,9; 1; 0,3; 350000; Сильное;
Итерация №: 475
max: 80,092
Values: 1; 1; 10; 11; 1; 5,24; 16,9; 1; 0,3; 350000; Сильное;
Итерация №: 476
max: 80,092
Values: 1; 1; 10; 11; 1; 5,24; 16,9; 1; 0,3; 350000; Сильное;
Итерация №: 477
max: 80,092
Values: 1; 1; 10; 11; 1; 5,24; 16,9; 1; 0,3; 350000; Сильное;
Итерация №: 478
max: 80,092
Values: 1; 1; 10; 11; 1; 5,24; 16,9; 1; 0,3; 350000; Сильное;
Итерация №: 479
max: 80,092
Values: 1; 1; 10; 11; 1; 5,24; 16,9; 1; 0,3; 350000; Сильное;
Итерация №: 480
max: 80,092
Values: 1; 1; 10; 11; 1; 5,24; 16,9; 1; 0,3; 350000; Сильное;
Итерация №: 481
max: 80,092
Values: 1; 1; 10; 11; 1; 5,24; 16,9; 1; 0,3; 350000; Сильное;
Итерация №: 482
max: 80,092
Values: 1; 1; 10; 11; 1; 5,24; 16,9; 1; 0,3; 350000; Сильное;
Итерация №: 483
max: 80,092
Values: 1; 1; 10; 11; 1; 5,24; 16,9; 1; 0,3; 350000; Сильное;
Итерация №: 484
max: 80,092
Values: 1; 1; 10; 11; 1; 5,24; 16,9; 1; 0,3; 350000; Сильное;
Итерация №: 485
max: 80,092
Values: 1; 1; 10; 11; 1; 5,24; 16,9; 1; 0,3; 350000; Сильное;
Итерация №: 486
max: 80,092
Values: 1; 1; 10; 11; 1; 5,24; 16,9; 1; 0,3; 350000; Сильное;
Итерация №: 487
max: 80,092
Values: 1; 1; 10; 11; 1; 5,24; 16,9; 1; 0,3; 350000; Сильное;
Итерация №: 488
max: 80,092
Values: 1; 1; 10; 11; 1; 5,24; 16,9; 1; 0,3; 350000; Сильное;
Итерация №: 489
max: 80,092
Values: 1; 1; 10; 11; 1; 5,24; 16,9; 1; 0,3; 350000; Сильное;
Итерация №: 490
max: 80,092
Values: 1; 1; 10; 11; 1; 5,24; 16,9; 1; 0,3; 350000; Сильное;
Итерация №: 491
max: 80,092
Values: 1; 1; 10; 11; 1; 5,24; 16,9; 1; 0,3; 350000; Сильное;
Итерация №: 492
max: 80,092
Values: 1; 1; 10; 11; 1; 5,24; 16,9; 1; 0,3; 350000; Сильное;
Итерация №: 493
max: 80,092
Values: 1; 1; 10; 11; 1; 5,24; 16,9; 1; 0,3; 350000; Сильное;
Итерация №: 494
max: 80,092
Values: 1; 1; 10; 11; 1; 5,24; 16,9; 1; 0,3; 350000; Сильное;
Итерация №: 495
max: 80,092
Values: 1; 1; 10; 11; 1; 5,24; 16,9; 1; 0,3; 350000; Сильное;
Итерация №: 496
max: 80,092
Values: 1; 1; 10; 11; 1; 5,24; 16,9; 1; 0,3; 350000; Сильное;
Итерация №: 497
max: 80,092
Values: 1; 1; 10; 11; 1; 5,24; 16,9; 1; 0,3; 350000; Сильное;
Итерация №: 498
max: 80,092
Values: 1; 1; 10; 11; 1; 5,24; 16,9; 1; 0,3; 350000; Сильное;
Итерация №: 499
max: 80,092
Values: 1; 1; 10; 11; 1; 5,24; 16,9; 1; 0,3; 350000; Сильное;
Итерация №: 500
max: 80,092
Values: 1; 1; 10; 11; 1; 5,24; 16,9; 1; 0,3; 350000; Сильное;
Итерация №: 501
max: 80,092
Values: 1; 1; 10; 11; 1; 5,24; 16,9; 1; 0,3; 350000; Сильное;
Итерация №: 502
max: 80,092
Values: 1; 1; 10; 11; 1; 5,24; 16,9; 1; 0,3; 350000; Сильное;
Итерация №: 503
max: 80,092
Values: 1; 1; 10; 11; 1; 5,24; 16,9; 1; 0,3; 350000; Сильное;
Итерация №: 504
max: 80,092
Values: 1; 1; 10; 11; 1; 5,24; 16,9; 1; 0,3; 350000; Сильное;
Итерация №: 505
max: 80,092
Values: 1; 1; 10; 11; 1; 5,24; 16,9; 1; 0,3; 350000; Сильное;
Итерация №: 506
max: 80,092
Values: 1; 1; 10; 11; 1; 5,24; 16,9; 1; 0,3; 350000; Сильное;
Итерация №: 507
max: 80,092
Values: 1; 1; 10; 11; 1; 5,24; 16,9; 1; 0,3; 350000; Сильное;
Итерация №: 508
max: 80,092
Values: 1; 1; 10; 11; 1; 5,24; 16,9; 1; 0,3; 350000; Сильное;
Итерация №: 509
max: 80,092
Values: 1; 1; 10; 11; 1; 5,24; 16,9; 1; 0,3; 350000; Сильное;
Итерация №: 510
max: 80,092
Values: 1; 1; 10; 11; 1; 5,24; 16,9; 1; 0,3; 350000; Сильное;
Итерация №: 511
max: 80,092
Values: 1; 1; 10; 11; 1; 5,24; 16,9; 1; 0,3; 350000; Сильное;
Итерация №: 512
max: 80,092
Values: 1; 1; 10; 11; 1; 5,24; 16,9; 1; 0,3; 350000; Сильное;
Итерация №: 513
max: 80,092
Values: 1; 1; 10; 11; 1; 5,24; 16,9; 1; 0,3; 350000; Сильное;
Итерация №: 514
max: 80,092
Values: 1; 1; 10; 11; 1; 5,24; 16,9; 1; 0,3; 350000; Сильное;
Итерация №: 515
max: 80,092
Values: 1; 1; 10; 11; 1; 5,24; 16,9; 1; 0,3; 350000; Сильное;
Итерация №: 516
max: 80,092
Values: 1; 1; 10; 11; 1; 5,24; 16,9; 1; 0,3; 350000; Сильное;
Итерация №: 517
max: 80,092
Values: 1; 1; 10; 11; 1; 5,24; 16,9; 1; 0,3; 350000; Сильное;
Итерация №: 518
max: 80,092
Values: 1; 1; 10; 11; 1; 5,24; 16,9; 1; 0,3; 350000; Сильное;
Итерация №: 519
max: 80,092
Values: 1; 1; 10; 11; 1; 5,24; 16,9; 1; 0,3; 350000; Сильное;
Итерация №: 520
max: 80,092
Values: 1; 1; 10; 11; 1; 5,24; 16,9; 1; 0,3; 350000; Сильное;
Итерация №: 521
max: 80,092
Values: 1; 1; 10; 11; 1; 5,24; 16,9; 1; 0,3; 350000; Сильное;
Итерация №: 522
max: 80,092
Values: 1; 1; 10; 11; 1; 5,24; 16,9; 1; 0,3; 350000; Сильное;
Итерация №: 523
max: 80,092
Values: 1; 1; 10; 11; 1; 5,24; 16,9; 1; 0,3; 350000; Сильное;
Итерация №: 524
max: 80,092
Values: 1; 1; 10; 11; 1; 5,24; 16,9; 1; 0,3; 350000; Сильное;
Итерация №: 525
max: 80,092
Values: 1; 1; 10; 11; 1; 5,24; 16,9; 1; 0,3; 350000; Сильное;
Итерация №: 526
max: 80,092
Values: 1; 1; 10; 11; 1; 5,24; 16,9; 1; 0,3; 350000; Сильное;
Итерация №: 527
max: 80,092
Values: 1; 1; 10; 11; 1; 5,24; 16,9; 1; 0,3; 350000; Сильное;
Итерация №: 528
max: 80,092
Values: 1; 1; 10; 11; 1; 5,24; 16,9; 1; 0,3; 350000; Сильное;
Итерация №: 529
max: 80,092
Values: 1; 1; 10; 11; 1; 5,24; 16,9; 1; 0,3; 350000; Сильное;
Итерация №: 530
max: 80,092
Values: 1; 1; 10; 11; 1; 5,24; 16,9; 1; 0,3; 350000; Сильное;
Итерация №: 531
max: 80,092
Values: 1; 1; 10; 11; 1; 5,24; 16,9; 1; 0,3; 350000; Сильное;
Итерация №: 532
max: 80,092
Values: 1; 1; 10; 11; 1; 5,24; 16,9; 1; 0,3; 350000; Сильное;
Итерация №: 533
max: 80,092
Values: 1; 1; 10; 11; 1; 5,24; 16,9; 1; 0,3; 350000; Сильное;
Итерация №: 534
max: 80,092
Values: 1; 1; 10; 11; 1; 5,24; 16,9; 1; 0,3; 350000; Сильное;
Итерация №: 535
max: 80,092
Values: 1; 1; 10; 11; 1; 5,24; 16,9; 1; 0,3; 350000; Сильное;
Итерация №: 536
max: 80,092
Values: 1; 1; 10; 11; 1; 5,24; 16,9; 1; 0,3; 350000; Сильное;
Итерация №: 537
max: 80,092
Values: 1; 1; 10; 11; 1; 5,24; 16,9; 1; 0,3; 350000; Сильное;
Итерация №: 538
max: 80,092
Values: 1; 1; 10; 11; 1; 5,24; 16,9; 1; 0,3; 350000; Сильное;
Итерация №: 539
max: 80,092
Values: 1; 1; 10; 11; 1; 5,24; 16,9; 1; 0,3; 350000; Сильное;
Итерация №: 540
max: 80,092
Values: 1; 1; 10; 11; 1; 5,24; 16,9; 1; 0,3; 350000; Сильное;
Итерация №: 541
max: 80,092
Values: 1; 1; 10; 11; 1; 5,24; 16,9; 1; 0,3; 350000; Сильное;
Итерация №: 542
max: 80,092
Values: 1; 1; 10; 11; 1; 5,24; 16,9; 1; 0,3; 350000; Сильное;
Итерация №: 543
max: 80,092
Values: 1; 1; 10; 11; 1; 5,24; 16,9; 1; 0,3; 350000; Сильное;
Итерация №: 544
max: 80,092
Values: 1; 1; 10; 11; 1; 5,24; 16,9; 1; 0,3; 350000; Сильное;
Итерация №: 545
max: 80,092
Values: 1; 1; 10; 11; 1; 5,24; 16,9; 1; 0,3; 350000; Сильное;
Итерация №: 546
max: 80,092
Values: 1; 1; 10; 11; 1; 5,24; 16,9; 1; 0,3; 350000; Сильное;
Итерация №: 547
max: 80,092
Values: 1; 1; 10; 11; 1; 5,24; 16,9; 1; 0,3; 350000; Сильное;
Итерация №: 548
max: 80,092
Values: 1; 1; 10; 11; 1; 5,24; 16,9; 1; 0,3; 350000; Сильное;
Итерация №: 549
max: 80,092
Values: 1; 1; 10; 11; 1; 5,24; 16,9; 1; 0,3; 350000; Сильное;
Итерация №: 550
max: 80,092
Values: 1; 1; 10; 11; 1; 5,24; 16,9; 1; 0,3; 350000; Сильное;
Итерация №: 551
max: 80,092
Values: 1; 1; 10; 11; 1; 5,24; 16,9; 1; 0,3; 350000; Сильное;
Итерация №: 552
max: 80,092
Values: 1; 1; 10; 11; 1; 5,24; 16,9; 1; 0,3; 350000; Сильное;
Итерация №: 553
max: 80,092
Values: 1; 1; 10; 11; 1; 5,24; 16,9; 1; 0,3; 350000; Сильное;
Итерация №: 554
max: 80,092
Values: 1; 1; 10; 11; 1; 5,24; 16,9; 1; 0,3; 350000; Сильное;
Итерация №: 555
max: 80,092
Values: 1; 1; 10; 11; 1; 5,24; 16,9; 1; 0,3; 350000; Сильное;
Итерация №: 556
max: 80,092
Values: 1; 1; 10; 11; 1; 5,24; 16,9; 1; 0,3; 350000; Сильное;
Итерация №: 557
max: 80,092
Values: 1; 1; 10; 11; 1; 5,24; 16,9; 1; 0,3; 350000; Сильное;
Итерация №: 558
max: 80,092
Values: 1; 1; 10; 11; 1; 5,24; 16,9; 1; 0,3; 350000; Сильное;
Итерация №: 559
max: 80,092
Values: 1; 1; 10; 11; 1; 5,24; 16,9; 1; 0,3; 350000; Сильное;
Итерация №: 560
max: 80,092
Values: 1; 1; 10; 11; 1; 5,24; 16,9; 1; 0,3; 350000; Сильное;
Итерация №: 561
max: 80,092
Values: 1; 1; 10; 11; 1; 5,24; 16,9; 1; 0,3; 350000; Сильное;
Итерация №: 562
max: 80,092
Values: 1; 1; 10; 11; 1; 5,24; 16,9; 1; 0,3; 350000; Сильное;
Итерация №: 563
max: 80,092
Values: 1; 1; 10; 11; 1; 5,24; 16,9; 1; 0,3; 350000; Сильное;
Итерация №: 564
max: 80,092
Values: 1; 1; 10; 11; 1; 5,24; 16,9; 1; 0,3; 350000; Сильное;
Итерация №: 565
max: 80,092
Values: 1; 1; 10; 11; 1; 5,24; 16,9; 1; 0,3; 350000; Сильное;
Итерация №: 566
max: 80,092
Values: 1; 1; 10; 11; 1; 5,24; 16,9; 1; 0,3; 350000; Сильное;
Итерация №: 567
max: 80,092
Values: 1; 1; 10; 11; 1; 5,24; 16,9; 1; 0,3; 350000; Сильное;
Итерация №: 568
max: 80,092
Values: 1; 1; 10; 11; 1; 5,24; 16,9; 1; 0,3; 350000; Сильное;
Итерация №: 569
max: 80,092
Values: 1; 1; 10; 11; 1; 5,24; 16,9; 1; 0,3; 350000; Сильное;
Итерация №: 570
max: 80,092
Values: 1; 1; 10; 11; 1; 5,24; 16,9; 1; 0,3; 350000; Сильное;
Итерация №: 571
max: 80,092
Values: 1; 1; 10; 11; 1; 5,24; 16,9; 1; 0,3; 350000; Сильное;
Итерация №: 572
max: 80,092
Values: 1; 1; 10; 11; 1; 5,24; 16,9; 1; 0,3; 350000; Сильное;
Итерация №: 573
max: 80,092
Values: 1; 1; 10; 11; 1; 5,24; 16,9; 1; 0,3; 350000; Сильное;
Итерация №: 574
max: 80,092
Values: 1; 1; 10; 11; 1; 5,24; 16,9; 1; 0,3; 350000; Сильное;
Итерация №: 575
max: 80,092
Values: 1; 1; 10; 11; 1; 5,24; 16,9; 1; 0,3; 350000; Сильное;
Итерация №: 576
max: 80,092
Values: 1; 1; 10; 11; 1; 5,24; 16,9; 1; 0,3; 350000; Сильное;
Итерация №: 577
max: 80,092
Values: 1; 1; 10; 11; 1; 5,24; 16,9; 1; 0,3; 350000; Сильное;
Итерация №: 578
max: 80,092
Values: 1; 1; 10; 11; 1; 5,24; 16,9; 1; 0,3; 350000; Сильное;
Итерация №: 579
max: 80,092
Values: 1; 1; 10; 11; 1; 5,24; 16,9; 1; 0,3; 350000; Сильное;
Итерация №: 580
max: 80,092
Values: 1; 1; 10; 11; 1; 5,24; 16,9; 1; 0,3; 350000; Сильное;
Итерация №: 581
max: 80,092
Values: 1; 1; 10; 11; 1; 5,24; 16,9; 1; 0,3; 350000; Сильное;
Итерация №: 582
max: 80,092
Values: 1; 1; 10; 11; 1; 5,24; 16,9; 1; 0,3; 350000; Сильное;
Итерация №: 583
max: 80,092
Values: 1; 1; 10; 11; 1; 5,24; 16,9; 1; 0,3; 350000; Сильное;
Итерация №: 584
max: 80,092
Values: 1; 1; 10; 11; 1; 5,24; 16,9; 1; 0,3; 350000; Сильное;
Итерация №: 585
max: 80,092
Values: 1; 1; 10; 11; 1; 5,24; 16,9; 1; 0,3; 350000; Сильное;
Итерация №: 586
max: 80,092
Values: 1; 1; 10; 11; 1; 5,24; 16,9; 1; 0,3; 350000; Сильное;
Итерация №: 587
max: 80,092
Values: 1; 1; 10; 11; 1; 5,24; 16,9; 1; 0,3; 350000; Сильное;
Итерация №: 588
max: 80,092
Values: 1; 1; 10; 11; 1; 5,24; 16,9; 1; 0,3; 350000; Сильное;
Итерация №: 589
max: 80,092
Values: 1; 1; 10; 11; 1; 5,24; 16,9; 1; 0,3; 350000; Сильное;
Итерация №: 590
max: 80,092
Values: 1; 1; 10; 11; 1; 5,24; 16,9; 1; 0,3; 350000; Сильное;
Итерация №: 591
max: 80,092
Values: 1; 1; 10; 11; 1; 5,24; 16,9; 1; 0,3; 350000; Сильное;
Итерация №: 592
max: 80,092
Values: 1; 1; 10; 11; 1; 5,24; 16,9; 1; 0,3; 350000; Сильное;
Итерация №: 593
max: 80,092
Values: 1; 1; 10; 11; 1; 5,24; 16,9; 1; 0,3; 350000; Сильное;
Итерация №: 594
max: 80,092
Values: 1; 1; 10; 11; 1; 5,24; 16,9; 1; 0,3; 350000; Сильное;
Итерация №: 595
max: 80,092
Values: 1; 1; 10; 11; 1; 5,24; 16,9; 1; 0,3; 350000; Сильное;
Итерация №: 596
max: 80,092
Values: 1; 1; 10; 11; 1; 5,24; 16,9; 1; 0,3; 350000; Сильное;
Итерация №: 597
max: 80,092
Values: 1; 1; 10; 11; 1; 5,24; 16,9; 1; 0,3; 350000; Сильное;
Итерация №: 598
max: 80,092
Values: 1; 1; 10; 11; 1; 5,24; 16,9; 1; 0,3; 350000; Сильное;
Итерация №: 599
max: 80,092
Values: 1; 1; 10; 11; 1; 5,24; 16,9; 1; 0,3; 350000; Сильное;
Итерация №: 600
max: 80,092
Values: 1; 1; 10; 11; 1; 5,24; 16,9; 1; 0,3; 350000; Сильное;
Итерация №: 601
max: 80,092
Values: 1; 1; 10; 11; 1; 5,24; 16,9; 1; 0,3; 350000; Сильное;
Итерация №: 602
max: 80,092
Values: 1; 1; 10; 11; 1; 5,24; 16,9; 1; 0,3; 350000; Сильное;
Итерация №: 603
max: 80,092
Values: 1; 1; 10; 11; 1; 5,24; 16,9; 1; 0,3; 350000; Сильное;
Итерация №: 604
max: 80,092
Values: 1; 1; 10; 11; 1; 5,24; 16,9; 1; 0,3; 350000; Сильное;
Итерация №: 605
max: 80,092
Values: 1; 1; 10; 11; 1; 5,24; 16,9; 1; 0,3; 350000; Сильное;
Итерация №: 606
max: 80,092
Values: 1; 1; 10; 11; 1; 5,24; 16,9; 1; 0,3; 350000; Сильное;
Итерация №: 607
max: 80,092
Values: 1; 1; 10; 11; 1; 5,24; 16,9; 1; 0,3; 350000; Сильное;
Итерация №: 608
max: 80,092
Values: 1; 1; 10; 11; 1; 5,24; 16,9; 1; 0,3; 350000; Сильное;
Итерация №: 609
max: 80,092
Values: 1; 1; 10; 11; 1; 5,24; 16,9; 1; 0,3; 350000; Сильное;
Итерация №: 610
max: 80,092
Values: 1; 1; 10; 11; 1; 5,24; 16,9; 1; 0,3; 350000; Сильное;
Итерация №: 611
max: 80,092
Values: 1; 1; 10; 11; 1; 5,24; 16,9; 1; 0,3; 350000; Сильное;
Итерация №: 612
max: 80,092
Values: 1; 1; 10; 11; 1; 5,24; 16,9; 1; 0,3; 350000; Сильное;
Итерация №: 613
max: 80,092
Values: 1; 1; 10; 11; 1; 5,24; 16,9; 1; 0,3; 350000; Сильное;
Итерация №: 614
max: 80,092
Values: 1; 1; 10; 11; 1; 5,24; 16,9; 1; 0,3; 350000; Сильное;
Итерация №: 615
max: 80,092
Values: 1; 1; 10; 11; 1; 5,24; 16,9; 1; 0,3; 350000; Сильное;
Итерация №: 616
max: 80,092
Values: 1; 1; 10; 11; 1; 5,24; 16,9; 1; 0,3; 350000; Сильное;
Итерация №: 617
max: 80,092
Values: 1; 1; 10; 11; 1; 5,24; 16,9; 1; 0,3; 350000; Сильное;
Итерация №: 618
max: 80,092
Values: 1; 1; 10; 11; 1; 5,24; 16,9; 1; 0,3; 350000; Сильное;
Итерация №: 619
max: 80,092
Values: 1; 1; 10; 11; 1; 5,24; 16,9; 1; 0,3; 350000; Сильное;
Итерация №: 620
max: 80,092
Values: 1; 1; 10; 11; 1; 5,24; 16,9; 1; 0,3; 350000; Сильное;
Итерация №: 621
max: 80,092
Values: 1; 1; 10; 11; 1; 5,24; 16,9; 1; 0,3; 350000; Сильное;
Итерация №: 622
max: 80,092
Values: 1; 1; 10; 11; 1; 5,24; 16,9; 1; 0,3; 350000; Сильное;
Итерация №: 623
max: 80,092
Values: 1; 1; 10; 11; 1; 5,24; 16,9; 1; 0,3; 350000; Сильное;
Итерация №: 624
max: 80,092
Values: 1; 1; 10; 11; 1; 5,24; 16,9; 1; 0,3; 350000; Сильное;
Итерация №: 625
max: 80,092
Values: 1; 1; 10; 11; 1; 5,24; 16,9; 1; 0,3; 350000; Сильное;
Итерация №: 626
max: 80,092
Values: 1; 1; 10; 11; 1; 5,24; 16,9; 1; 0,3; 350000; Сильное;
Итерация №: 627
max: 80,092
Values: 1; 1; 10; 11; 1; 5,24; 16,9; 1; 0,3; 350000; Сильное;
Итерация №: 628
max: 80,092
Values: 1; 1; 10; 11; 1; 5,24; 16,9; 1; 0,3; 350000; Сильное;
Итерация №: 629
max: 80,092
Values: 1; 1; 10; 11; 1; 5,24; 16,9; 1; 0,3; 350000; Сильное;
Итерация №: 630
max: 80,092
Values: 1; 1; 10; 11; 1; 5,24; 16,9; 1; 0,3; 350000; Сильное;
Итерация №: 631
max: 80,092
Values: 1; 1; 10; 11; 1; 5,24; 16,9; 1; 0,3; 350000; Сильное;
Итерация №: 632
max: 80,092
Values: 1; 1; 10; 11; 1; 5,24; 16,9; 1; 0,3; 350000; Сильное;
Итерация №: 633
max: 80,092
Values: 1; 1; 10; 11; 1; 5,24; 16,9; 1; 0,3; 350000; Сильное;
Итерация №: 634
max: 80,092
Values: 1; 1; 10; 11; 1; 5,24; 16,9; 1; 0,3; 350000; Сильное;
Итерация №: 635
max: 80,092
Values: 1; 1; 10; 11; 1; 5,24; 16,9; 1; 0,3; 350000; Сильное;
Итерация №: 636
max: 80,092
Values: 1; 1; 10; 11; 1; 5,24; 16,9; 1; 0,3; 350000; Сильное;
Итерация №: 637
max: 80,092
Values: 1; 1; 10; 11; 1; 5,24; 16,9; 1; 0,3; 350000; Сильное;
Итерация №: 638
max: 80,092
Values: 1; 1; 10; 11; 1; 5,24; 16,9; 1; 0,3; 350000; Сильное;
Итерация №: 639
max: 80,092
Values: 1; 1; 10; 11; 1; 5,24; 16,9; 1; 0,3; 350000; Сильное;
Итерация №: 640
max: 80,092
Values: 1; 1; 10; 11; 1; 5,24; 16,9; 1; 0,3; 350000; Сильное;
Итерация №: 641
max: 80,092
Values: 1; 1; 10; 11; 1; 5,24; 16,9; 1; 0,3; 350000; Сильное;
Итерация №: 642
max: 80,092
Values: 1; 1; 10; 11; 1; 5,24; 16,9; 1; 0,3; 350000; Сильное;
Итерация №: 643
max: 80,092
Values: 1; 1; 10; 11; 1; 5,24; 16,9; 1; 0,3; 350000; Сильное;
Итерация №: 644
max: 80,092
Values: 1; 1; 10; 11; 1; 5,24; 16,9; 1; 0,3; 350000; Сильное;
Итерация №: 645
max: 80,092
Values: 1; 1; 10; 11; 1; 5,24; 16,9; 1; 0,3; 350000; Сильное;
Итерация №: 646
max: 80,092
Values: 1; 1; 10; 11; 1; 5,24; 16,9; 1; 0,3; 350000; Сильное;
Итерация №: 647
max: 80,092
Values: 1; 1; 10; 11; 1; 5,24; 16,9; 1; 0,3; 350000; Сильное;
Итерация №: 648
max: 80,092
Values: 1; 1; 10; 11; 1; 5,24; 16,9; 1; 0,3; 350000; Сильное;
Итерация №: 649
max: 80,092
Values: 1; 1; 10; 11; 1; 5,24; 16,9; 1; 0,3; 350000; Сильное;
Итерация №: 650
max: 80,092
Values: 1; 1; 10; 11; 1; 5,24; 16,9; 1; 0,3; 350000; Сильное;
Итерация №: 651
max: 80,092
Values: 1; 1; 10; 11; 1; 5,24; 16,9; 1; 0,3; 350000; Сильное;
Итерация №: 652
max: 80,092
Values: 1; 1; 10; 11; 1; 5,24; 16,9; 1; 0,3; 350000; Сильное;
Итерация №: 653
max: 80,092
Values: 1; 1; 10; 11; 1; 5,24; 16,9; 1; 0,3; 350000; Сильное;
Итерация №: 654
max: 80,092
Values: 1; 1; 10; 11; 1; 5,24; 16,9; 1; 0,3; 350000; Сильное;
Итерация №: 655
max: 80,092
Values: 1; 1; 10; 11; 1; 5,24; 16,9; 1; 0,3; 350000; Сильное;
Итерация №: 656
max: 80,092
Values: 1; 1; 10; 11; 1; 5,24; 16,9; 1; 0,3; 350000; Сильное;
Итерация №: 657
max: 80,092
Values: 1; 1; 10; 11; 1; 5,24; 16,9; 1; 0,3; 350000; Сильное;
Итерация №: 658
max: 80,092
Values: 1; 1; 10; 11; 1; 5,24; 16,9; 1; 0,3; 350000; Сильное;
Итерация №: 659
max: 80,092
Values: 1; 1; 10; 11; 1; 5,24; 16,9; 1; 0,3; 350000; Сильное;
Итерация №: 660
max: 80,092
Values: 1; 1; 10; 11; 1; 5,24; 16,9; 1; 0,3; 350000; Сильное;
Итерация №: 661
max: 80,092
Values: 1; 1; 10; 11; 1; 5,24; 16,9; 1; 0,3; 350000; Сильное;
Итерация №: 662
max: 80,092
Values: 1; 1; 10; 11; 1; 5,24; 16,9; 1; 0,3; 350000; Сильное;
Итерация №: 663
max: 80,092
Values: 1; 1; 10; 11; 1; 5,24; 16,9; 1; 0,3; 350000; Сильное;
Итерация №: 664
max: 80,092
Values: 1; 1; 10; 11; 1; 5,24; 16,9; 1; 0,3; 350000; Сильное;
Итерация №: 665
max: 80,092
Values: 1; 1; 10; 11; 1; 5,24; 16,9; 1; 0,3; 350000; Сильное;
Итерация №: 666
max: 80,092
Values: 1; 1; 10; 11; 1; 5,24; 16,9; 1; 0,3; 350000; Сильное;
Итерация №: 667
max: 80,092
Values: 1; 1; 10; 11; 1; 5,24; 16,9; 1; 0,3; 350000; Сильное;
Итерация №: 668
max: 80,092
Values: 1; 1; 10; 11; 1; 5,24; 16,9; 1; 0,3; 350000; Сильное;
Итерация №: 669
max: 80,092
Values: 1; 1; 10; 11; 1; 5,24; 16,9; 1; 0,3; 350000; Сильное;
Итерация №: 670
max: 80,092
Values: 1; 1; 10; 11; 1; 5,24; 16,9; 1; 0,3; 350000; Сильное;
Итерация №: 671
max: 80,092
Values: 1; 1; 10; 11; 1; 5,24; 16,9; 1; 0,3; 350000; Сильное;
Итерация №: 672
max: 80,092
Values: 1; 1; 10; 11; 1; 5,24; 16,9; 1; 0,3; 350000; Сильное;
Итерация №: 673
max: 80,092
Values: 1; 1; 10; 11; 1; 5,24; 16,9; 1; 0,3; 350000; Сильное;
Итерация №: 674
max: 80,092
Values: 1; 1; 10; 11; 1; 5,24; 16,9; 1; 0,3; 350000; Сильное;
Итерация №: 675
max: 80,092
Values: 1; 1; 10; 11; 1; 5,24; 16,9; 1; 0,3; 350000; Сильное;
Итерация №: 676
max: 80,092
Values: 1; 1; 10; 11; 1; 5,24; 16,9; 1; 0,3; 350000; Сильное;
Итерация №: 677
max: 80,092
Values: 1; 1; 10; 11; 1; 5,24; 16,9; 1; 0,3; 350000; Сильное;
Итерация №: 678
max: 80,092
Values: 1; 1; 10; 11; 1; 5,24; 16,9; 1; 0,3; 350000; Сильное;
Итерация №: 679
max: 80,092
Values: 1; 1; 10; 11; 1; 5,24; 16,9; 1; 0,3; 350000; Сильное;
Итерация №: 680
max: 80,092
Values: 1; 1; 10; 11; 1; 5,24; 16,9; 1; 0,3; 350000; Сильное;
Итерация №: 681
max: 80,092
Values: 1; 1; 10; 11; 1; 5,24; 16,9; 1; 0,3; 350000; Сильное;
Итерация №: 682
max: 80,092
Values: 1; 1; 10; 11; 1; 5,24; 16,9; 1; 0,3; 350000; Сильное;
Итерация №: 683
max: 80,092
Values: 1; 1; 10; 11; 1; 5,24; 16,9; 1; 0,3; 350000; Сильное;
Итерация №: 684
max: 80,092
Values: 1; 1; 10; 11; 1; 5,24; 16,9; 1; 0,3; 350000; Сильное;
Итерация №: 685
max: 80,092
Values: 1; 1; 10; 11; 1; 5,24; 16,9; 1; 0,3; 350000; Сильное;
Итерация №: 686
max: 80,092
Values: 1; 1; 10; 11; 1; 5,24; 16,9; 1; 0,3; 350000; Сильное;
Итерация №: 687
max: 80,092
Values: 1; 1; 10; 11; 1; 5,24; 16,9; 1; 0,3; 350000; Сильное;
Итерация №: 688
max: 80,092
Values: 1; 1; 10; 11; 1; 5,24; 16,9; 1; 0,3; 350000; Сильное;
Итерация №: 689
max: 80,092
Values: 1; 1; 10; 11; 1; 5,24; 16,9; 1; 0,3; 350000; Сильное;
Итерация №: 690
max: 80,092
Values: 1; 1; 10; 11; 1; 5,24; 16,9; 1; 0,3; 350000; Сильное;
Итерация №: 691
max: 80,092
Values: 1; 1; 10; 11; 1; 5,24; 16,9; 1; 0,3; 350000; Сильное;
Итерация №: 692
max: 80,092
Values: 1; 1; 10; 11; 1; 5,24; 16,9; 1; 0,3; 350000; Сильное;
Итерация №: 693
max: 80,092
Values: 1; 1; 10; 11; 1; 5,24; 16,9; 1; 0,3; 350000; Сильное;
Итерация №: 694
max: 80,092
Values: 1; 1; 10; 11; 1; 5,24; 16,9; 1; 0,3; 350000; Сильное;
Итерация №: 695
max: 80,092
Values: 1; 1; 10; 11; 1; 5,24; 16,9; 1; 0,3; 350000; Сильное;
Итерация №: 696
max: 80,092
Values: 1; 1; 10; 11; 1; 5,24; 16,9; 1; 0,3; 350000; Сильное;
Итерация №: 697
max: 80,092
Values: 1; 1; 10; 11; 1; 5,24; 16,9; 1; 0,3; 350000; Сильное;
Итерация №: 698
max: 80,092
Values: 1; 1; 10; 11; 1; 5,24; 16,9; 1; 0,3; 350000; Сильное;
Итерация №: 699
max: 80,092
Values: 1; 1; 10; 11; 1; 5,24; 16,9; 1; 0,3; 350000; Сильное;
Итерация №: 700
max: 80,092
Values: 1; 1; 10; 11; 1; 5,24; 16,9; 1; 0,3; 350000; Сильное;
Итерация №: 701
max: 80,092
Values: 1; 1; 10; 11; 1; 5,24; 16,9; 1; 0,3; 350000; Сильное;
Итерация №: 702
max: 80,092
Values: 1; 1; 10; 11; 1; 5,24; 16,9; 1; 0,3; 350000; Сильное;
Итерация №: 703
max: 80,092
Values: 1; 1; 10; 11; 1; 5,24; 16,9; 1; 0,3; 350000; Сильное;
Итерация №: 704
max: 80,092
Values: 1; 1; 10; 11; 1; 5,24; 16,9; 1; 0,3; 350000; Сильное;
Итерация №: 705
max: 80,092
Values: 1; 1; 10; 11; 1; 5,24; 16,9; 1; 0,3; 350000; Сильное;
Итерация №: 706
max: 80,092
Values: 1; 1; 10; 11; 1; 5,24; 16,9; 1; 0,3; 350000; Сильное;
Итерация №: 707
max: 80,092
Values: 1; 1; 10; 11; 1; 5,24; 16,9; 1; 0,3; 350000; Сильное;
Итерация №: 708
max: 80,092
Values: 1; 1; 10; 11; 1; 5,24; 16,9; 1; 0,3; 350000; Сильное;
