Число агентов: 5
Количество итераций: 6999
Число всех возможных путей: 34992
-------------------------------------------------------------------------
Входные параметры:
№0 Values: 1; 2; 7; Type: Double; ValuesCount: 3
№1 Values: 1; 4; 5; Type: Double; ValuesCount: 3
№2 Values: 1; 10; Type: Double; ValuesCount: 2
№3 Values: 1; 11; 20; Type: Double; ValuesCount: 3
№4 Values: 1; 3; Type: Double; ValuesCount: 2
№5 Values: 5,24; 5,33; 5,34; Type: Double; ValuesCount: 3
№6 Values: 15,3; 15,5; 16,9; Type: Double; ValuesCount: 3
№7 Values: 10; 1; Type: Double; ValuesCount: 2
№8 Values: 0,01; 0,3; 0,5; Type: Double; ValuesCount: 3
№9 Values: 100000; 350000; 600000; Type: Double; ValuesCount: 3
№10 Values: Сильное; Слабое; Type: String; ValuesCount: 2
-------------------------------------------------------------------------


Результаты работы:
Итерация №: 0
max: 81,642
Values: 2; 5; 10; 11; 1; 5,34; 16,9; 10; 0,5; 100000; Сильное;
Итерация №: 1
max: 84,75999999999999
Values: 1; 5; 10; 11; 3; 5,24; 15,5; 10; 0,5; 100000; Сильное;
Итерация №: 2
max: 84,75999999999999
Values: 1; 5; 10; 11; 3; 5,24; 15,5; 10; 0,5; 100000; Сильное;
Итерация №: 3
max: 84,75999999999999
Values: 1; 5; 10; 11; 3; 5,24; 15,5; 10; 0,5; 100000; Сильное;
Итерация №: 4
max: 84,75999999999999
Values: 1; 5; 10; 11; 3; 5,24; 15,5; 10; 0,5; 100000; Сильное;
Итерация №: 5
max: 84,75999999999999
Values: 1; 5; 10; 11; 3; 5,24; 15,5; 10; 0,5; 100000; Сильное;
Итерация №: 6
max: 84,75999999999999
Values: 1; 5; 10; 11; 3; 5,24; 15,5; 10; 0,5; 100000; Сильное;
Итерация №: 7
max: 84,75999999999999
Values: 1; 5; 10; 11; 3; 5,24; 15,5; 10; 0,5; 100000; Сильное;
Итерация №: 8
max: 88,82900000000001
Values: 7; 5; 10; 20; 3; 5,33; 15,3; 1; 0,5; 100000; Слабое;
Итерация №: 9
max: 88,82900000000001
Values: 7; 5; 10; 20; 3; 5,33; 15,3; 1; 0,5; 100000; Слабое;
Итерация №: 10
max: 88,82900000000001
Values: 7; 5; 10; 20; 3; 5,33; 15,3; 1; 0,5; 100000; Слабое;
Итерация №: 11
max: 88,82900000000001
Values: 7; 5; 10; 20; 3; 5,33; 15,3; 1; 0,5; 100000; Слабое;
Итерация №: 12
max: 88,82900000000001
Values: 7; 5; 10; 20; 3; 5,33; 15,3; 1; 0,5; 100000; Слабое;
Итерация №: 13
max: 88,82900000000001
Values: 7; 5; 10; 20; 3; 5,33; 15,3; 1; 0,5; 100000; Слабое;
Итерация №: 14
max: 88,82900000000001
Values: 7; 5; 10; 20; 3; 5,33; 15,3; 1; 0,5; 100000; Слабое;
Итерация №: 15
max: 88,82900000000001
Values: 7; 5; 10; 20; 3; 5,33; 15,3; 1; 0,5; 100000; Слабое;
Итерация №: 16
max: 88,82900000000001
Values: 7; 5; 10; 20; 3; 5,33; 15,3; 1; 0,5; 100000; Слабое;
Итерация №: 17
max: 88,82900000000001
Values: 7; 5; 10; 20; 3; 5,33; 15,3; 1; 0,5; 100000; Слабое;
Итерация №: 18
max: 88,82900000000001
Values: 7; 5; 10; 20; 3; 5,33; 15,3; 1; 0,5; 100000; Слабое;
Итерация №: 19
max: 88,82900000000001
Values: 7; 5; 10; 20; 3; 5,33; 15,3; 1; 0,5; 100000; Слабое;
Итерация №: 20
max: 88,82900000000001
Values: 7; 5; 10; 20; 3; 5,33; 15,3; 1; 0,5; 100000; Слабое;
Итерация №: 21
max: 88,82900000000001
Values: 7; 5; 10; 20; 3; 5,33; 15,3; 1; 0,5; 100000; Слабое;
Итерация №: 22
max: 88,82900000000001
Values: 7; 5; 10; 20; 3; 5,33; 15,3; 1; 0,5; 100000; Слабое;
Итерация №: 23
max: 88,82900000000001
Values: 7; 5; 10; 20; 3; 5,33; 15,3; 1; 0,5; 100000; Слабое;
Итерация №: 24
max: 88,82900000000001
Values: 7; 5; 10; 20; 3; 5,33; 15,3; 1; 0,5; 100000; Слабое;
Итерация №: 25
max: 88,82900000000001
Values: 7; 5; 10; 20; 3; 5,33; 15,3; 1; 0,5; 100000; Слабое;
Итерация №: 26
max: 88,82900000000001
Values: 7; 5; 10; 20; 3; 5,33; 15,3; 1; 0,5; 100000; Слабое;
Итерация №: 27
max: 88,82900000000001
Values: 7; 5; 10; 20; 3; 5,33; 15,3; 1; 0,5; 100000; Слабое;
Итерация №: 28
max: 88,82900000000001
Values: 7; 5; 10; 20; 3; 5,33; 15,3; 1; 0,5; 100000; Слабое;
Итерация №: 29
max: 88,82900000000001
Values: 7; 5; 10; 20; 3; 5,33; 15,3; 1; 0,5; 100000; Слабое;
Итерация №: 30
max: 88,82900000000001
Values: 7; 5; 10; 20; 3; 5,33; 15,3; 1; 0,5; 100000; Слабое;
Итерация №: 31
max: 88,82900000000001
Values: 7; 5; 10; 20; 3; 5,33; 15,3; 1; 0,5; 100000; Слабое;
Итерация №: 32
max: 88,82900000000001
Values: 7; 5; 10; 20; 3; 5,33; 15,3; 1; 0,5; 100000; Слабое;
Итерация №: 33
max: 88,82900000000001
Values: 7; 5; 10; 20; 3; 5,33; 15,3; 1; 0,5; 100000; Слабое;
Итерация №: 34
max: 88,82900000000001
Values: 7; 5; 10; 20; 3; 5,33; 15,3; 1; 0,5; 100000; Слабое;
Итерация №: 35
max: 88,82900000000001
Values: 7; 5; 10; 20; 3; 5,33; 15,3; 1; 0,5; 100000; Слабое;
Итерация №: 36
max: 88,82900000000001
Values: 7; 5; 10; 20; 3; 5,33; 15,3; 1; 0,5; 100000; Слабое;
Итерация №: 37
max: 88,82900000000001
Values: 7; 5; 10; 20; 3; 5,33; 15,3; 1; 0,5; 100000; Слабое;
Итерация №: 38
max: 88,82900000000001
Values: 7; 5; 10; 20; 3; 5,33; 15,3; 1; 0,5; 100000; Слабое;
Итерация №: 39
max: 88,82900000000001
Values: 7; 5; 10; 20; 3; 5,33; 15,3; 1; 0,5; 100000; Слабое;
Итерация №: 40
max: 88,82900000000001
Values: 7; 5; 10; 20; 3; 5,33; 15,3; 1; 0,5; 100000; Слабое;
Итерация №: 41
max: 88,82900000000001
Values: 7; 5; 10; 20; 3; 5,33; 15,3; 1; 0,5; 100000; Слабое;
Итерация №: 42
max: 88,82900000000001
Values: 7; 5; 10; 20; 3; 5,33; 15,3; 1; 0,5; 100000; Слабое;
Итерация №: 43
max: 88,82900000000001
Values: 7; 5; 10; 20; 3; 5,33; 15,3; 1; 0,5; 100000; Слабое;
Итерация №: 44
max: 88,82900000000001
Values: 7; 5; 10; 20; 3; 5,33; 15,3; 1; 0,5; 100000; Слабое;
Итерация №: 45
max: 88,82900000000001
Values: 7; 5; 10; 20; 3; 5,33; 15,3; 1; 0,5; 100000; Слабое;
Итерация №: 46
max: 88,82900000000001
Values: 7; 5; 10; 20; 3; 5,33; 15,3; 1; 0,5; 100000; Слабое;
Итерация №: 47
max: 88,82900000000001
Values: 7; 5; 10; 20; 3; 5,33; 15,3; 1; 0,5; 100000; Слабое;
Итерация №: 48
max: 88,82900000000001
Values: 7; 5; 10; 20; 3; 5,33; 15,3; 1; 0,5; 100000; Слабое;
Итерация №: 49
max: 88,82900000000001
Values: 7; 5; 10; 20; 3; 5,33; 15,3; 1; 0,5; 100000; Слабое;
Итерация №: 50
max: 88,82900000000001
Values: 7; 5; 10; 20; 3; 5,33; 15,3; 1; 0,5; 100000; Слабое;
Итерация №: 51
max: 88,82900000000001
Values: 7; 5; 10; 20; 3; 5,33; 15,3; 1; 0,5; 100000; Слабое;
Итерация №: 52
max: 88,82900000000001
Values: 7; 5; 10; 20; 3; 5,33; 15,3; 1; 0,5; 100000; Слабое;
Итерация №: 53
max: 88,82900000000001
Values: 7; 5; 10; 20; 3; 5,33; 15,3; 1; 0,5; 100000; Слабое;
Итерация №: 54
max: 88,82900000000001
Values: 7; 5; 10; 20; 3; 5,33; 15,3; 1; 0,5; 100000; Слабое;
Итерация №: 55
max: 88,82900000000001
Values: 7; 5; 10; 20; 3; 5,33; 15,3; 1; 0,5; 100000; Слабое;
Итерация №: 56
max: 88,82900000000001
Values: 7; 5; 10; 20; 3; 5,33; 15,3; 1; 0,5; 100000; Слабое;
Итерация №: 57
max: 88,82900000000001
Values: 7; 5; 10; 20; 3; 5,33; 15,3; 1; 0,5; 100000; Слабое;
Итерация №: 58
max: 88,82900000000001
Values: 7; 5; 10; 20; 3; 5,33; 15,3; 1; 0,5; 100000; Слабое;
Итерация №: 59
max: 88,82900000000001
Values: 7; 5; 10; 20; 3; 5,33; 15,3; 1; 0,5; 100000; Слабое;
Итерация №: 60
max: 88,82900000000001
Values: 7; 5; 10; 20; 3; 5,33; 15,3; 1; 0,5; 100000; Слабое;
Итерация №: 61
max: 88,82900000000001
Values: 7; 5; 10; 20; 3; 5,33; 15,3; 1; 0,5; 100000; Слабое;
Итерация №: 62
max: 88,82900000000001
Values: 7; 5; 10; 20; 3; 5,33; 15,3; 1; 0,5; 100000; Слабое;
Итерация №: 63
max: 88,82900000000001
Values: 7; 5; 10; 20; 3; 5,33; 15,3; 1; 0,5; 100000; Слабое;
Итерация №: 64
max: 88,82900000000001
Values: 7; 5; 10; 20; 3; 5,33; 15,3; 1; 0,5; 100000; Слабое;
Итерация №: 65
max: 88,82900000000001
Values: 7; 5; 10; 20; 3; 5,33; 15,3; 1; 0,5; 100000; Слабое;
Итерация №: 66
max: 88,82900000000001
Values: 7; 5; 10; 20; 3; 5,33; 15,3; 1; 0,5; 100000; Слабое;
Итерация №: 67
max: 88,82900000000001
Values: 7; 5; 10; 20; 3; 5,33; 15,3; 1; 0,5; 100000; Слабое;
Итерация №: 68
max: 88,82900000000001
Values: 7; 5; 10; 20; 3; 5,33; 15,3; 1; 0,5; 100000; Слабое;
Итерация №: 69
max: 88,82900000000001
Values: 7; 5; 10; 20; 3; 5,33; 15,3; 1; 0,5; 100000; Слабое;
Итерация №: 70
max: 88,82900000000001
Values: 7; 5; 10; 20; 3; 5,33; 15,3; 1; 0,5; 100000; Слабое;
Итерация №: 71
max: 88,82900000000001
Values: 7; 5; 10; 20; 3; 5,33; 15,3; 1; 0,5; 100000; Слабое;
Итерация №: 72
max: 88,82900000000001
Values: 7; 5; 10; 20; 3; 5,33; 15,3; 1; 0,5; 100000; Слабое;
Итерация №: 73
max: 88,82900000000001
Values: 7; 5; 10; 20; 3; 5,33; 15,3; 1; 0,5; 100000; Слабое;
Итерация №: 74
max: 88,82900000000001
Values: 7; 5; 10; 20; 3; 5,33; 15,3; 1; 0,5; 100000; Слабое;
Итерация №: 75
max: 88,82900000000001
Values: 7; 5; 10; 20; 3; 5,33; 15,3; 1; 0,5; 100000; Слабое;
Итерация №: 76
max: 88,82900000000001
Values: 7; 5; 10; 20; 3; 5,33; 15,3; 1; 0,5; 100000; Слабое;
Итерация №: 77
max: 88,82900000000001
Values: 7; 5; 10; 20; 3; 5,33; 15,3; 1; 0,5; 100000; Слабое;
Итерация №: 78
max: 88,82900000000001
Values: 7; 5; 10; 20; 3; 5,33; 15,3; 1; 0,5; 100000; Слабое;
Итерация №: 79
max: 88,82900000000001
Values: 7; 5; 10; 20; 3; 5,33; 15,3; 1; 0,5; 100000; Слабое;
Итерация №: 80
max: 88,82900000000001
Values: 7; 5; 10; 20; 3; 5,33; 15,3; 1; 0,5; 100000; Слабое;
Итерация №: 81
max: 88,82900000000001
Values: 7; 5; 10; 20; 3; 5,33; 15,3; 1; 0,5; 100000; Слабое;
Итерация №: 82
max: 88,82900000000001
Values: 7; 5; 10; 20; 3; 5,33; 15,3; 1; 0,5; 100000; Слабое;
Итерация №: 83
max: 88,82900000000001
Values: 7; 5; 10; 20; 3; 5,33; 15,3; 1; 0,5; 100000; Слабое;
Итерация №: 84
max: 88,82900000000001
Values: 7; 5; 10; 20; 3; 5,33; 15,3; 1; 0,5; 100000; Слабое;
Итерация №: 85
max: 88,82900000000001
Values: 7; 5; 10; 20; 3; 5,33; 15,3; 1; 0,5; 100000; Слабое;
Итерация №: 86
max: 88,82900000000001
Values: 7; 5; 10; 20; 3; 5,33; 15,3; 1; 0,5; 100000; Слабое;
Итерация №: 87
max: 88,82900000000001
Values: 7; 5; 10; 20; 3; 5,33; 15,3; 1; 0,5; 100000; Слабое;
Итерация №: 88
max: 88,82900000000001
Values: 7; 5; 10; 20; 3; 5,33; 15,3; 1; 0,5; 100000; Слабое;
Итерация №: 89
max: 88,82900000000001
Values: 7; 5; 10; 20; 3; 5,33; 15,3; 1; 0,5; 100000; Слабое;
Итерация №: 90
max: 88,82900000000001
Values: 7; 5; 10; 20; 3; 5,33; 15,3; 1; 0,5; 100000; Слабое;
Итерация №: 91
max: 88,82900000000001
Values: 7; 5; 10; 20; 3; 5,33; 15,3; 1; 0,5; 100000; Слабое;
Итерация №: 92
max: 88,82900000000001
Values: 7; 5; 10; 20; 3; 5,33; 15,3; 1; 0,5; 100000; Слабое;
Итерация №: 93
max: 88,82900000000001
Values: 7; 5; 10; 20; 3; 5,33; 15,3; 1; 0,5; 100000; Слабое;
Итерация №: 94
max: 88,82900000000001
Values: 7; 5; 10; 20; 3; 5,33; 15,3; 1; 0,5; 100000; Слабое;
Итерация №: 95
max: 88,82900000000001
Values: 7; 5; 10; 20; 3; 5,33; 15,3; 1; 0,5; 100000; Слабое;
Итерация №: 96
max: 88,82900000000001
Values: 7; 5; 10; 20; 3; 5,33; 15,3; 1; 0,5; 100000; Слабое;
Итерация №: 97
max: 88,82900000000001
Values: 7; 5; 10; 20; 3; 5,33; 15,3; 1; 0,5; 100000; Слабое;
Итерация №: 98
max: 88,82900000000001
Values: 7; 5; 10; 20; 3; 5,33; 15,3; 1; 0,5; 100000; Слабое;
Итерация №: 99
max: 88,82900000000001
Values: 7; 5; 10; 20; 3; 5,33; 15,3; 1; 0,5; 100000; Слабое;
Итерация №: 100
max: 88,82900000000001
Values: 7; 5; 10; 20; 3; 5,33; 15,3; 1; 0,5; 100000; Слабое;
Итерация №: 101
max: 88,82900000000001
Values: 7; 5; 10; 20; 3; 5,33; 15,3; 1; 0,5; 100000; Слабое;
Итерация №: 102
max: 88,82900000000001
Values: 7; 5; 10; 20; 3; 5,33; 15,3; 1; 0,5; 100000; Слабое;
Итерация №: 103
max: 88,82900000000001
Values: 7; 5; 10; 20; 3; 5,33; 15,3; 1; 0,5; 100000; Слабое;
Итерация №: 104
max: 88,82900000000001
Values: 7; 5; 10; 20; 3; 5,33; 15,3; 1; 0,5; 100000; Слабое;
Итерация №: 105
max: 88,82900000000001
Values: 7; 5; 10; 20; 3; 5,33; 15,3; 1; 0,5; 100000; Слабое;
Итерация №: 106
max: 88,82900000000001
Values: 7; 5; 10; 20; 3; 5,33; 15,3; 1; 0,5; 100000; Слабое;
Итерация №: 107
max: 88,82900000000001
Values: 7; 5; 10; 20; 3; 5,33; 15,3; 1; 0,5; 100000; Слабое;
Итерация №: 108
max: 88,82900000000001
Values: 7; 5; 10; 20; 3; 5,33; 15,3; 1; 0,5; 100000; Слабое;
Итерация №: 109
max: 88,82900000000001
Values: 7; 5; 10; 20; 3; 5,33; 15,3; 1; 0,5; 100000; Слабое;
Итерация №: 110
max: 88,82900000000001
Values: 7; 5; 10; 20; 3; 5,33; 15,3; 1; 0,5; 100000; Слабое;
Итерация №: 111
max: 88,82900000000001
Values: 7; 5; 10; 20; 3; 5,33; 15,3; 1; 0,5; 100000; Слабое;
Итерация №: 112
max: 88,82900000000001
Values: 7; 5; 10; 20; 3; 5,33; 15,3; 1; 0,5; 100000; Слабое;
