Число агентов: 5
Количество итераций: 922
Число всех возможных путей: 4608
-------------------------------------------------------------------------
Входные параметры:
№0 Values: 1; 2; 7; Type: Double; ValuesCount: 3
№1 Values: 1; 4; 5; Type: Double; ValuesCount: 3
№2 Values: 1; 10; Type: Double; ValuesCount: 2
№3 Values: 1; 20; Type: Double; ValuesCount: 2
№4 Values: 1; 3; Type: Double; ValuesCount: 2
№5 Values: 5,24; 5,34; Type: Double; ValuesCount: 2
№6 Values: 15,3; 15,5; Type: Double; ValuesCount: 2
№7 Values: 1; 10; Type: Double; ValuesCount: 2
№8 Values: 0,01; 0,5; Type: Double; ValuesCount: 2
№9 Values: 100000; 350000; Type: Double; ValuesCount: 2
№10 Values: Сильное; Слабое; Type: String; ValuesCount: 2
-------------------------------------------------------------------------


Результаты работы:
Итерация №: 0
max: 90,75999999999999
Values: 1; 4; 10; 20; 1; 5,24; 15,5; 10; 0,5; 100000; Сильное;
Итерация №: 1
max: 90,75999999999999
Values: 1; 4; 10; 20; 1; 5,24; 15,5; 10; 0,5; 100000; Сильное;
Итерация №: 2
max: 90,75999999999999
Values: 1; 4; 10; 20; 1; 5,24; 15,5; 10; 0,5; 100000; Сильное;
Итерация №: 3
max: 90,75999999999999
Values: 1; 4; 10; 20; 1; 5,24; 15,5; 10; 0,5; 100000; Сильное;
Итерация №: 4
max: 90,75999999999999
Values: 1; 4; 10; 20; 1; 5,24; 15,5; 10; 0,5; 100000; Сильное;
Итерация №: 5
max: 90,75999999999999
Values: 1; 4; 10; 20; 1; 5,24; 15,5; 10; 0,5; 100000; Сильное;
Итерация №: 6
max: 90,75999999999999
Values: 1; 4; 10; 20; 1; 5,24; 15,5; 10; 0,5; 100000; Сильное;
Итерация №: 7
max: 90,75999999999999
Values: 1; 4; 10; 20; 1; 5,24; 15,5; 10; 0,5; 100000; Сильное;
Итерация №: 8
max: 90,75999999999999
Values: 1; 4; 10; 20; 1; 5,24; 15,5; 10; 0,5; 100000; Сильное;
Итерация №: 9
max: 90,75999999999999
Values: 1; 4; 10; 20; 1; 5,24; 15,5; 10; 0,5; 100000; Сильное;
Итерация №: 10
max: 90,75999999999999
Values: 1; 4; 10; 20; 1; 5,24; 15,5; 10; 0,5; 100000; Сильное;
Итерация №: 11
max: 90,75999999999999
Values: 1; 4; 10; 20; 1; 5,24; 15,5; 10; 0,5; 100000; Сильное;
Итерация №: 12
max: 90,75999999999999
Values: 1; 4; 10; 20; 1; 5,24; 15,5; 10; 0,5; 100000; Сильное;
Итерация №: 13
max: 94,81
Values: 1; 4; 10; 20; 3; 5,34; 15,5; 10; 0,5; 100000; Сильное;
Итерация №: 14
max: 94,81
Values: 1; 4; 10; 20; 3; 5,34; 15,5; 10; 0,5; 100000; Сильное;
Итерация №: 15
max: 94,81
Values: 1; 4; 10; 20; 3; 5,34; 15,5; 10; 0,5; 100000; Сильное;
Итерация №: 16
max: 94,81
Values: 1; 4; 10; 20; 3; 5,34; 15,5; 10; 0,5; 100000; Сильное;
Итерация №: 17
max: 94,81
Values: 2; 5; 10; 20; 3; 5,34; 15,5; 10; 0,5; 100000; Сильное;
Итерация №: 18
max: 94,81
Values: 2; 5; 10; 20; 3; 5,34; 15,5; 10; 0,5; 100000; Сильное;
Итерация №: 19
max: 94,81
Values: 2; 5; 10; 20; 3; 5,34; 15,5; 10; 0,5; 100000; Сильное;
Итерация №: 20
max: 94,81
Values: 2; 5; 10; 20; 3; 5,34; 15,5; 10; 0,5; 100000; Сильное;
Итерация №: 21
max: 94,81
Values: 2; 5; 10; 20; 3; 5,34; 15,5; 10; 0,5; 100000; Сильное;
Итерация №: 22
max: 94,81
Values: 2; 5; 10; 20; 3; 5,34; 15,5; 10; 0,5; 100000; Сильное;
Итерация №: 23
max: 94,81
Values: 2; 5; 10; 20; 3; 5,34; 15,5; 10; 0,5; 100000; Сильное;
Итерация №: 24
max: 94,81
Values: 2; 5; 10; 20; 3; 5,34; 15,5; 10; 0,5; 100000; Сильное;
Итерация №: 25
max: 99,81
Values: 7; 1; 10; 20; 1; 5,34; 15,5; 10; 0,5; 100000; Сильное;
Итерация №: 26
max: 99,81
Values: 7; 1; 10; 20; 1; 5,34; 15,5; 10; 0,5; 100000; Сильное;
Итерация №: 27
max: 99,81
Values: 7; 1; 10; 20; 1; 5,34; 15,5; 10; 0,5; 100000; Сильное;
Итерация №: 28
max: 99,81
Values: 7; 1; 10; 20; 1; 5,34; 15,5; 10; 0,5; 100000; Сильное;
Итерация №: 29
max: 99,81
Values: 7; 1; 10; 20; 1; 5,34; 15,5; 10; 0,5; 100000; Сильное;
Итерация №: 30
max: 99,81
Values: 7; 1; 10; 20; 1; 5,34; 15,5; 10; 0,5; 100000; Сильное;
Итерация №: 31
max: 99,81
Values: 7; 1; 10; 20; 1; 5,34; 15,5; 10; 0,5; 100000; Сильное;
Итерация №: 32
max: 99,81
Values: 7; 1; 10; 20; 1; 5,34; 15,5; 10; 0,5; 100000; Сильное;
Итерация №: 33
max: 99,81
Values: 7; 1; 10; 20; 1; 5,34; 15,5; 10; 0,5; 100000; Сильное;
Итерация №: 34
max: 99,81
Values: 7; 1; 10; 20; 1; 5,34; 15,5; 10; 0,5; 100000; Сильное;
Итерация №: 35
max: 99,81
Values: 7; 1; 10; 20; 1; 5,34; 15,5; 10; 0,5; 100000; Сильное;
Итерация №: 36
max: 99,81
Values: 7; 1; 10; 20; 1; 5,34; 15,5; 10; 0,5; 100000; Сильное;
Итерация №: 37
max: 99,81
Values: 7; 1; 10; 20; 1; 5,34; 15,5; 10; 0,5; 100000; Сильное;
Итерация №: 38
max: 99,81
Values: 7; 1; 10; 20; 1; 5,34; 15,5; 10; 0,5; 100000; Сильное;
Итерация №: 39
max: 99,81
Values: 7; 1; 10; 20; 1; 5,34; 15,5; 10; 0,5; 100000; Сильное;
Итерация №: 40
max: 99,81
Values: 7; 1; 10; 20; 1; 5,34; 15,5; 10; 0,5; 100000; Сильное;
Итерация №: 41
max: 104,75999999999999
Values: 2; 4; 10; 20; 3; 5,24; 15,5; 1; 0,5; 100000; Сильное;
Итерация №: 42
max: 104,75999999999999
Values: 2; 4; 10; 20; 3; 5,24; 15,5; 1; 0,5; 100000; Сильное;
Итерация №: 43
max: 104,75999999999999
Values: 2; 4; 10; 20; 3; 5,24; 15,5; 1; 0,5; 100000; Сильное;
Итерация №: 44
max: 104,75999999999999
Values: 2; 4; 10; 20; 3; 5,24; 15,5; 1; 0,5; 100000; Сильное;
Итерация №: 45
max: 104,75999999999999
Values: 2; 4; 10; 20; 3; 5,24; 15,5; 1; 0,5; 100000; Сильное;
Итерация №: 46
max: 104,75999999999999
Values: 2; 4; 10; 20; 3; 5,24; 15,5; 1; 0,5; 100000; Сильное;
Итерация №: 47
max: 104,75999999999999
Values: 2; 4; 10; 20; 3; 5,24; 15,5; 1; 0,5; 100000; Сильное;
Итерация №: 48
max: 104,75999999999999
Values: 2; 4; 10; 20; 3; 5,24; 15,5; 1; 0,5; 100000; Сильное;
Итерация №: 49
max: 104,75999999999999
Values: 2; 4; 10; 20; 3; 5,24; 15,5; 1; 0,5; 100000; Сильное;
Итерация №: 50
max: 104,75999999999999
Values: 2; 4; 10; 20; 3; 5,24; 15,5; 1; 0,5; 100000; Сильное;
Итерация №: 51
max: 104,75999999999999
Values: 2; 4; 10; 20; 3; 5,24; 15,5; 1; 0,5; 100000; Сильное;
Итерация №: 52
max: 104,75999999999999
Values: 2; 4; 10; 20; 3; 5,24; 15,5; 1; 0,5; 100000; Сильное;
Итерация №: 53
max: 104,75999999999999
Values: 2; 4; 10; 20; 3; 5,24; 15,5; 1; 0,5; 100000; Сильное;
Итерация №: 54
max: 104,75999999999999
Values: 2; 4; 10; 20; 3; 5,24; 15,5; 1; 0,5; 100000; Сильное;
Итерация №: 55
max: 104,75999999999999
Values: 2; 4; 10; 20; 3; 5,24; 15,5; 1; 0,5; 100000; Сильное;
Итерация №: 56
max: 104,75999999999999
Values: 2; 4; 10; 20; 3; 5,24; 15,5; 1; 0,5; 100000; Сильное;
Итерация №: 57
max: 104,75999999999999
Values: 2; 4; 10; 20; 3; 5,24; 15,5; 1; 0,5; 100000; Сильное;
Итерация №: 58
max: 104,75999999999999
Values: 2; 4; 10; 20; 3; 5,24; 15,5; 1; 0,5; 100000; Сильное;
Итерация №: 59
max: 104,75999999999999
Values: 2; 4; 10; 20; 3; 5,24; 15,5; 1; 0,5; 100000; Сильное;
Итерация №: 60
max: 104,75999999999999
Values: 2; 4; 10; 20; 3; 5,24; 15,5; 1; 0,5; 100000; Сильное;
Итерация №: 61
max: 104,75999999999999
Values: 2; 4; 10; 20; 3; 5,24; 15,5; 1; 0,5; 100000; Сильное;
Итерация №: 62
max: 104,75999999999999
Values: 2; 4; 10; 20; 3; 5,24; 15,5; 1; 0,5; 100000; Сильное;
Итерация №: 63
max: 104,75999999999999
Values: 2; 4; 10; 20; 3; 5,24; 15,5; 1; 0,5; 100000; Сильное;
Итерация №: 64
max: 104,75999999999999
Values: 2; 4; 10; 20; 3; 5,24; 15,5; 1; 0,5; 100000; Сильное;
Итерация №: 65
max: 104,75999999999999
Values: 2; 4; 10; 20; 3; 5,24; 15,5; 1; 0,5; 100000; Сильное;
Итерация №: 66
max: 104,75999999999999
Values: 2; 4; 10; 20; 3; 5,24; 15,5; 1; 0,5; 100000; Сильное;
Итерация №: 67
max: 104,75999999999999
Values: 2; 4; 10; 20; 3; 5,24; 15,5; 1; 0,5; 100000; Сильное;
Итерация №: 68
max: 104,75999999999999
Values: 2; 4; 10; 20; 3; 5,24; 15,5; 1; 0,5; 100000; Сильное;
Итерация №: 69
max: 104,75999999999999
Values: 2; 4; 10; 20; 3; 5,24; 15,5; 1; 0,5; 100000; Сильное;
Итерация №: 70
max: 104,75999999999999
Values: 2; 4; 10; 20; 3; 5,24; 15,5; 1; 0,5; 100000; Сильное;
Итерация №: 71
max: 104,75999999999999
Values: 2; 4; 10; 20; 3; 5,24; 15,5; 1; 0,5; 100000; Сильное;
Итерация №: 72
max: 104,75999999999999
Values: 2; 4; 10; 20; 3; 5,24; 15,5; 1; 0,5; 100000; Сильное;
Итерация №: 73
max: 104,75999999999999
Values: 2; 4; 10; 20; 3; 5,24; 15,5; 1; 0,5; 100000; Сильное;
Итерация №: 74
max: 104,75999999999999
Values: 2; 4; 10; 20; 3; 5,24; 15,5; 1; 0,5; 100000; Сильное;
Итерация №: 75
max: 104,75999999999999
Values: 2; 4; 10; 20; 3; 5,24; 15,5; 1; 0,5; 100000; Сильное;
Итерация №: 76
max: 104,75999999999999
Values: 2; 4; 10; 20; 3; 5,24; 15,5; 1; 0,5; 100000; Сильное;
Итерация №: 77
max: 104,75999999999999
Values: 2; 4; 10; 20; 3; 5,24; 15,5; 1; 0,5; 100000; Сильное;
Итерация №: 78
max: 104,75999999999999
Values: 2; 4; 10; 20; 3; 5,24; 15,5; 1; 0,5; 100000; Сильное;
Итерация №: 79
max: 104,75999999999999
Values: 2; 4; 10; 20; 3; 5,24; 15,5; 1; 0,5; 100000; Сильное;
Итерация №: 80
max: 104,75999999999999
Values: 2; 4; 10; 20; 3; 5,24; 15,5; 1; 0,5; 100000; Сильное;
Итерация №: 81
max: 104,75999999999999
Values: 2; 4; 10; 20; 3; 5,24; 15,5; 1; 0,5; 100000; Сильное;
Итерация №: 82
max: 104,75999999999999
Values: 2; 4; 10; 20; 3; 5,24; 15,5; 1; 0,5; 100000; Сильное;
Итерация №: 83
max: 104,75999999999999
Values: 2; 4; 10; 20; 3; 5,24; 15,5; 1; 0,5; 100000; Сильное;
Итерация №: 84
max: 104,75999999999999
Values: 2; 4; 10; 20; 3; 5,24; 15,5; 1; 0,5; 100000; Сильное;
Итерация №: 85
max: 104,75999999999999
Values: 2; 4; 10; 20; 3; 5,24; 15,5; 1; 0,5; 100000; Сильное;
Итерация №: 86
max: 104,75999999999999
Values: 2; 4; 10; 20; 3; 5,24; 15,5; 1; 0,5; 100000; Сильное;
Итерация №: 87
max: 104,75999999999999
Values: 2; 4; 10; 20; 3; 5,24; 15,5; 1; 0,5; 100000; Сильное;
Итерация №: 88
max: 104,75999999999999
Values: 2; 4; 10; 20; 3; 5,24; 15,5; 1; 0,5; 100000; Сильное;
Итерация №: 89
max: 104,75999999999999
Values: 2; 4; 10; 20; 3; 5,24; 15,5; 1; 0,5; 100000; Сильное;
Итерация №: 90
max: 104,75999999999999
Values: 2; 4; 10; 20; 3; 5,24; 15,5; 1; 0,5; 100000; Сильное;
Итерация №: 91
max: 104,75999999999999
Values: 2; 4; 10; 20; 3; 5,24; 15,5; 1; 0,5; 100000; Сильное;
Итерация №: 92
max: 104,75999999999999
Values: 2; 4; 10; 20; 3; 5,24; 15,5; 1; 0,5; 100000; Сильное;
Итерация №: 93
max: 104,75999999999999
Values: 2; 4; 10; 20; 3; 5,24; 15,5; 1; 0,5; 100000; Сильное;
Итерация №: 94
max: 104,75999999999999
Values: 2; 4; 10; 20; 3; 5,24; 15,5; 1; 0,5; 100000; Сильное;
Итерация №: 95
max: 104,75999999999999
Values: 2; 4; 10; 20; 3; 5,24; 15,5; 1; 0,5; 100000; Сильное;
Итерация №: 96
max: 104,75999999999999
Values: 2; 4; 10; 20; 3; 5,24; 15,5; 1; 0,5; 100000; Сильное;
Итерация №: 97
max: 104,75999999999999
Values: 2; 4; 10; 20; 3; 5,24; 15,5; 1; 0,5; 100000; Сильное;
Итерация №: 98
max: 104,75999999999999
Values: 2; 4; 10; 20; 3; 5,24; 15,5; 1; 0,5; 100000; Сильное;
Итерация №: 99
max: 104,75999999999999
Values: 2; 4; 10; 20; 3; 5,24; 15,5; 1; 0,5; 100000; Сильное;
Итерация №: 100
max: 104,75999999999999
Values: 2; 4; 10; 20; 3; 5,24; 15,5; 1; 0,5; 100000; Сильное;
Итерация №: 101
max: 104,75999999999999
Values: 2; 4; 10; 20; 3; 5,24; 15,5; 1; 0,5; 100000; Сильное;
Итерация №: 102
max: 104,75999999999999
Values: 2; 4; 10; 20; 3; 5,24; 15,5; 1; 0,5; 100000; Сильное;
Итерация №: 103
max: 104,75999999999999
Values: 2; 4; 10; 20; 3; 5,24; 15,5; 1; 0,5; 100000; Сильное;
Итерация №: 104
max: 104,75999999999999
Values: 2; 4; 10; 20; 3; 5,24; 15,5; 1; 0,5; 100000; Сильное;
Итерация №: 105
max: 104,75999999999999
Values: 2; 4; 10; 20; 3; 5,24; 15,5; 1; 0,5; 100000; Сильное;
Итерация №: 106
max: 104,75999999999999
Values: 2; 4; 10; 20; 3; 5,24; 15,5; 1; 0,5; 100000; Сильное;
Итерация №: 107
max: 104,75999999999999
Values: 2; 4; 10; 20; 3; 5,24; 15,5; 1; 0,5; 100000; Сильное;
Итерация №: 108
max: 104,75999999999999
Values: 2; 4; 10; 20; 3; 5,24; 15,5; 1; 0,5; 100000; Сильное;
Итерация №: 109
max: 104,75999999999999
Values: 2; 4; 10; 20; 3; 5,24; 15,5; 1; 0,5; 100000; Сильное;
Итерация №: 110
max: 104,75999999999999
Values: 2; 4; 10; 20; 3; 5,24; 15,5; 1; 0,5; 100000; Сильное;
Итерация №: 111
max: 104,75999999999999
Values: 2; 4; 10; 20; 3; 5,24; 15,5; 1; 0,5; 100000; Сильное;
Итерация №: 112
max: 104,75999999999999
Values: 2; 4; 10; 20; 3; 5,24; 15,5; 1; 0,5; 100000; Сильное;
Итерация №: 113
max: 104,75999999999999
Values: 2; 4; 10; 20; 3; 5,24; 15,5; 1; 0,5; 100000; Сильное;
Итерация №: 114
max: 104,75999999999999
Values: 2; 4; 10; 20; 3; 5,24; 15,5; 1; 0,5; 100000; Сильное;
Итерация №: 115
max: 104,75999999999999
Values: 2; 4; 10; 20; 3; 5,24; 15,5; 1; 0,5; 100000; Сильное;
Итерация №: 116
max: 104,75999999999999
Values: 2; 4; 10; 20; 3; 5,24; 15,5; 1; 0,5; 100000; Сильное;
Итерация №: 117
max: 104,75999999999999
Values: 2; 4; 10; 20; 3; 5,24; 15,5; 1; 0,5; 100000; Сильное;
Итерация №: 118
max: 104,75999999999999
Values: 2; 4; 10; 20; 3; 5,24; 15,5; 1; 0,5; 100000; Сильное;
Итерация №: 119
max: 104,75999999999999
Values: 2; 4; 10; 20; 3; 5,24; 15,5; 1; 0,5; 100000; Сильное;
Итерация №: 120
max: 104,75999999999999
Values: 2; 4; 10; 20; 3; 5,24; 15,5; 1; 0,5; 100000; Сильное;
Итерация №: 121
max: 104,75999999999999
Values: 2; 4; 10; 20; 3; 5,24; 15,5; 1; 0,5; 100000; Сильное;
Итерация №: 122
max: 104,75999999999999
Values: 2; 4; 10; 20; 3; 5,24; 15,5; 1; 0,5; 100000; Сильное;
Итерация №: 123
max: 104,75999999999999
Values: 2; 4; 10; 20; 3; 5,24; 15,5; 1; 0,5; 100000; Сильное;
Итерация №: 124
max: 104,75999999999999
Values: 2; 4; 10; 20; 3; 5,24; 15,5; 1; 0,5; 100000; Сильное;
Итерация №: 125
max: 104,75999999999999
Values: 2; 4; 10; 20; 3; 5,24; 15,5; 1; 0,5; 100000; Сильное;
Итерация №: 126
max: 104,75999999999999
Values: 2; 4; 10; 20; 3; 5,24; 15,5; 1; 0,5; 100000; Сильное;
Итерация №: 127
max: 104,75999999999999
Values: 2; 4; 10; 20; 3; 5,24; 15,5; 1; 0,5; 100000; Сильное;
Итерация №: 128
max: 104,75999999999999
Values: 2; 4; 10; 20; 3; 5,24; 15,5; 1; 0,5; 100000; Сильное;
Итерация №: 129
max: 107,81
Values: 2; 1; 10; 20; 3; 5,34; 15,5; 1; 0,5; 100000; Сильное;
Итерация №: 130
max: 107,81
Values: 2; 1; 10; 20; 3; 5,34; 15,5; 1; 0,5; 100000; Сильное;
Итерация №: 131
max: 107,81
Values: 2; 1; 10; 20; 3; 5,34; 15,5; 1; 0,5; 100000; Сильное;
Итерация №: 132
max: 107,81
Values: 2; 1; 10; 20; 3; 5,34; 15,5; 1; 0,5; 100000; Сильное;
Итерация №: 133
max: 112,81
Values: 7; 1; 10; 20; 3; 5,34; 15,5; 1; 0,5; 100000; Сильное;
Итерация №: 134
max: 112,81
Values: 7; 1; 10; 20; 3; 5,34; 15,5; 1; 0,5; 100000; Сильное;
Итерация №: 135
max: 112,81
Values: 7; 1; 10; 20; 3; 5,34; 15,5; 1; 0,5; 100000; Сильное;
Итерация №: 136
max: 112,81
Values: 7; 1; 10; 20; 3; 5,34; 15,5; 1; 0,5; 100000; Сильное;
Итерация №: 137
max: 112,81
Values: 7; 1; 10; 20; 3; 5,34; 15,5; 1; 0,5; 100000; Сильное;
Итерация №: 138
max: 112,81
Values: 7; 1; 10; 20; 3; 5,34; 15,5; 1; 0,5; 100000; Сильное;
Итерация №: 139
max: 112,81
Values: 7; 1; 10; 20; 3; 5,34; 15,5; 1; 0,5; 100000; Сильное;
Итерация №: 140
max: 112,81
Values: 7; 1; 10; 20; 3; 5,34; 15,5; 1; 0,5; 100000; Сильное;
Итерация №: 141
max: 112,81
Values: 7; 1; 10; 20; 3; 5,34; 15,5; 1; 0,5; 100000; Сильное;
Итерация №: 142
max: 112,81
Values: 7; 1; 10; 20; 3; 5,34; 15,5; 1; 0,5; 100000; Сильное;
Итерация №: 143
max: 112,81
Values: 7; 1; 10; 20; 3; 5,34; 15,5; 1; 0,5; 100000; Сильное;
Итерация №: 144
max: 112,81
Values: 7; 1; 10; 20; 3; 5,34; 15,5; 1; 0,5; 100000; Сильное;
Итерация №: 145
max: 112,81
Values: 7; 1; 10; 20; 3; 5,34; 15,5; 1; 0,5; 100000; Сильное;
Итерация №: 146
max: 112,81
Values: 7; 1; 10; 20; 3; 5,34; 15,5; 1; 0,5; 100000; Сильное;
Итерация №: 147
max: 112,81
Values: 7; 1; 10; 20; 3; 5,34; 15,5; 1; 0,5; 100000; Сильное;
Итерация №: 148
max: 112,81
Values: 7; 1; 10; 20; 3; 5,34; 15,5; 1; 0,5; 100000; Сильное;
Итерация №: 149
max: 112,81
Values: 7; 1; 10; 20; 3; 5,34; 15,5; 1; 0,5; 100000; Сильное;
Итерация №: 150
max: 112,81
Values: 7; 1; 10; 20; 3; 5,34; 15,5; 1; 0,5; 100000; Сильное;
Итерация №: 151
max: 112,81
Values: 7; 1; 10; 20; 3; 5,34; 15,5; 1; 0,5; 100000; Сильное;
Итерация №: 152
max: 112,81
Values: 7; 1; 10; 20; 3; 5,34; 15,5; 1; 0,5; 100000; Сильное;
Итерация №: 153
max: 112,81
Values: 7; 1; 10; 20; 3; 5,34; 15,5; 1; 0,5; 100000; Сильное;
Итерация №: 154
max: 112,81
Values: 7; 1; 10; 20; 3; 5,34; 15,5; 1; 0,5; 100000; Сильное;
Итерация №: 155
max: 112,81
Values: 7; 1; 10; 20; 3; 5,34; 15,5; 1; 0,5; 100000; Сильное;
Итерация №: 156
max: 112,81
Values: 7; 1; 10; 20; 3; 5,34; 15,5; 1; 0,5; 100000; Сильное;
Итерация №: 157
max: 112,81
Values: 7; 1; 10; 20; 3; 5,34; 15,5; 1; 0,5; 100000; Сильное;
Итерация №: 158
max: 112,834
Values: 7; 1; 10; 20; 3; 5,34; 15,3; 1; 0,5; 100000; Сильное;
Итерация №: 159
max: 112,834
Values: 7; 1; 10; 20; 3; 5,34; 15,3; 1; 0,5; 100000; Сильное;
Итерация №: 160
max: 112,834
Values: 7; 1; 10; 20; 3; 5,34; 15,3; 1; 0,5; 100000; Сильное;
Итерация №: 161
max: 112,834
Values: 7; 1; 10; 20; 3; 5,34; 15,3; 1; 0,5; 100000; Сильное;
Итерация №: 162
max: 112,834
Values: 7; 1; 10; 20; 3; 5,34; 15,3; 1; 0,5; 100000; Сильное;
Итерация №: 163
max: 112,834
Values: 7; 1; 10; 20; 3; 5,34; 15,3; 1; 0,5; 100000; Сильное;
Итерация №: 164
max: 112,834
Values: 7; 1; 10; 20; 3; 5,34; 15,3; 1; 0,5; 100000; Сильное;
Итерация №: 165
max: 112,834
Values: 7; 1; 10; 20; 3; 5,34; 15,3; 1; 0,5; 100000; Сильное;
Итерация №: 166
max: 112,834
Values: 7; 1; 10; 20; 3; 5,34; 15,3; 1; 0,5; 100000; Сильное;
Итерация №: 167
max: 112,834
Values: 7; 1; 10; 20; 3; 5,34; 15,3; 1; 0,5; 100000; Сильное;
Итерация №: 168
max: 112,834
Values: 7; 1; 10; 20; 3; 5,34; 15,3; 1; 0,5; 100000; Сильное;
Итерация №: 169
max: 112,834
Values: 7; 1; 10; 20; 3; 5,34; 15,3; 1; 0,5; 100000; Сильное;
Итерация №: 170
max: 112,834
Values: 7; 1; 10; 20; 3; 5,34; 15,3; 1; 0,5; 100000; Сильное;
Итерация №: 171
max: 112,834
Values: 7; 1; 10; 20; 3; 5,34; 15,3; 1; 0,5; 100000; Сильное;
Итерация №: 172
max: 112,834
Values: 7; 1; 10; 20; 3; 5,34; 15,3; 1; 0,5; 100000; Сильное;
Итерация №: 173
max: 112,834
Values: 7; 1; 10; 20; 3; 5,34; 15,3; 1; 0,5; 100000; Сильное;
Итерация №: 174
max: 112,834
Values: 7; 1; 10; 20; 3; 5,34; 15,3; 1; 0,5; 100000; Сильное;
Итерация №: 175
max: 112,834
Values: 7; 1; 10; 20; 3; 5,34; 15,3; 1; 0,5; 100000; Сильное;
Итерация №: 176
max: 112,834
Values: 7; 1; 10; 20; 3; 5,34; 15,3; 1; 0,5; 100000; Сильное;
Итерация №: 177
max: 112,834
Values: 7; 1; 10; 20; 3; 5,34; 15,3; 1; 0,5; 100000; Сильное;
Итерация №: 178
max: 112,834
Values: 7; 1; 10; 20; 3; 5,34; 15,3; 1; 0,5; 100000; Сильное;
Итерация №: 179
max: 112,834
Values: 7; 1; 10; 20; 3; 5,34; 15,3; 1; 0,5; 100000; Сильное;
Итерация №: 180
max: 112,834
Values: 7; 1; 10; 20; 3; 5,34; 15,3; 1; 0,5; 100000; Сильное;
Итерация №: 181
max: 112,834
Values: 7; 1; 10; 20; 3; 5,34; 15,3; 1; 0,5; 100000; Сильное;
Итерация №: 182
max: 112,834
Values: 7; 1; 10; 20; 3; 5,34; 15,3; 1; 0,5; 100000; Сильное;
Итерация №: 183
max: 112,834
Values: 7; 1; 10; 20; 3; 5,34; 15,3; 1; 0,5; 100000; Сильное;
Итерация №: 184
max: 112,834
Values: 7; 1; 10; 20; 3; 5,34; 15,3; 1; 0,5; 100000; Сильное;
Итерация №: 185
max: 112,834
Values: 7; 1; 10; 20; 3; 5,34; 15,3; 1; 0,5; 100000; Сильное;
Итерация №: 186
max: 112,834
Values: 7; 1; 10; 20; 3; 5,34; 15,3; 1; 0,5; 100000; Сильное;
Итерация №: 187
max: 112,834
Values: 7; 1; 10; 20; 3; 5,34; 15,3; 1; 0,5; 100000; Сильное;
Итерация №: 188
max: 112,834
Values: 7; 1; 10; 20; 3; 5,34; 15,3; 1; 0,5; 100000; Сильное;
Итерация №: 189
max: 112,834
Values: 7; 1; 10; 20; 3; 5,34; 15,3; 1; 0,5; 100000; Сильное;
Итерация №: 190
max: 112,834
Values: 7; 1; 10; 20; 3; 5,34; 15,3; 1; 0,5; 100000; Сильное;
Итерация №: 191
max: 112,834
Values: 7; 1; 10; 20; 3; 5,34; 15,3; 1; 0,5; 100000; Сильное;
Итерация №: 192
max: 112,834
Values: 7; 1; 10; 20; 3; 5,34; 15,3; 1; 0,5; 100000; Сильное;
Итерация №: 193
max: 112,834
Values: 7; 1; 10; 20; 3; 5,34; 15,3; 1; 0,5; 100000; Сильное;
Итерация №: 194
max: 112,834
Values: 7; 1; 10; 20; 3; 5,34; 15,3; 1; 0,5; 100000; Сильное;
Итерация №: 195
max: 112,834
Values: 7; 1; 10; 20; 3; 5,34; 15,3; 1; 0,5; 100000; Сильное;
Итерация №: 196
max: 112,834
Values: 7; 1; 10; 20; 3; 5,34; 15,3; 1; 0,5; 100000; Сильное;
Итерация №: 197
max: 112,834
Values: 7; 1; 10; 20; 3; 5,34; 15,3; 1; 0,5; 100000; Сильное;
Итерация №: 198
max: 112,834
Values: 7; 1; 10; 20; 3; 5,34; 15,3; 1; 0,5; 100000; Сильное;
Итерация №: 199
max: 112,834
Values: 7; 1; 10; 20; 3; 5,34; 15,3; 1; 0,5; 100000; Сильное;
Итерация №: 200
max: 112,834
Values: 7; 1; 10; 20; 3; 5,34; 15,3; 1; 0,5; 100000; Сильное;
Итерация №: 201
max: 112,834
Values: 7; 1; 10; 20; 3; 5,34; 15,3; 1; 0,5; 100000; Сильное;
Итерация №: 202
max: 112,834
Values: 7; 1; 10; 20; 3; 5,34; 15,3; 1; 0,5; 100000; Сильное;
Итерация №: 203
max: 112,834
Values: 7; 1; 10; 20; 3; 5,34; 15,3; 1; 0,5; 100000; Сильное;
Итерация №: 204
max: 112,834
Values: 7; 1; 10; 20; 3; 5,34; 15,3; 1; 0,5; 100000; Сильное;
Итерация №: 205
max: 112,834
Values: 7; 1; 10; 20; 3; 5,34; 15,3; 1; 0,5; 100000; Сильное;
Итерация №: 206
max: 112,834
Values: 7; 1; 10; 20; 3; 5,34; 15,3; 1; 0,5; 100000; Сильное;
Итерация №: 207
max: 112,834
Values: 7; 1; 10; 20; 3; 5,34; 15,3; 1; 0,5; 100000; Сильное;
Итерация №: 208
max: 112,834
Values: 7; 1; 10; 20; 3; 5,34; 15,3; 1; 0,5; 100000; Сильное;
Итерация №: 209
max: 112,834
Values: 7; 1; 10; 20; 3; 5,34; 15,3; 1; 0,5; 100000; Сильное;
Итерация №: 210
max: 112,834
Values: 7; 1; 10; 20; 3; 5,34; 15,3; 1; 0,5; 100000; Сильное;
Итерация №: 211
max: 112,834
Values: 7; 1; 10; 20; 3; 5,34; 15,3; 1; 0,5; 100000; Сильное;
Итерация №: 212
max: 112,834
Values: 7; 1; 10; 20; 3; 5,34; 15,3; 1; 0,5; 100000; Сильное;
Итерация №: 213
max: 112,834
Values: 7; 1; 10; 20; 3; 5,34; 15,3; 1; 0,5; 100000; Сильное;
Итерация №: 214
max: 112,834
Values: 7; 1; 10; 20; 3; 5,34; 15,3; 1; 0,5; 100000; Сильное;
Итерация №: 215
max: 112,834
Values: 7; 1; 10; 20; 3; 5,34; 15,3; 1; 0,5; 100000; Сильное;
Итерация №: 216
max: 112,834
Values: 7; 1; 10; 20; 3; 5,34; 15,3; 1; 0,5; 100000; Сильное;
Итерация №: 217
max: 112,834
Values: 7; 1; 10; 20; 3; 5,34; 15,3; 1; 0,5; 100000; Сильное;
Итерация №: 218
max: 112,834
Values: 7; 1; 10; 20; 3; 5,34; 15,3; 1; 0,5; 100000; Сильное;
Итерация №: 219
max: 112,834
Values: 7; 1; 10; 20; 3; 5,34; 15,3; 1; 0,5; 100000; Сильное;
Итерация №: 220
max: 112,834
Values: 7; 1; 10; 20; 3; 5,34; 15,3; 1; 0,5; 100000; Сильное;
Итерация №: 221
max: 112,834
Values: 7; 1; 10; 20; 3; 5,34; 15,3; 1; 0,5; 100000; Сильное;
Итерация №: 222
max: 112,834
Values: 7; 1; 10; 20; 3; 5,34; 15,3; 1; 0,5; 100000; Сильное;
Итерация №: 223
max: 112,834
Values: 7; 1; 10; 20; 3; 5,34; 15,3; 1; 0,5; 100000; Сильное;
Итерация №: 224
max: 112,834
Values: 7; 1; 10; 20; 3; 5,34; 15,3; 1; 0,5; 100000; Сильное;
Итерация №: 225
max: 112,834
Values: 7; 1; 10; 20; 3; 5,34; 15,3; 1; 0,5; 100000; Сильное;
Итерация №: 226
max: 112,834
Values: 7; 1; 10; 20; 3; 5,34; 15,3; 1; 0,5; 100000; Сильное;
Итерация №: 227
max: 112,834
Values: 7; 1; 10; 20; 3; 5,34; 15,3; 1; 0,5; 100000; Сильное;
Итерация №: 228
max: 112,834
Values: 7; 1; 10; 20; 3; 5,34; 15,3; 1; 0,5; 100000; Сильное;
Итерация №: 229
max: 112,834
Values: 7; 1; 10; 20; 3; 5,34; 15,3; 1; 0,5; 100000; Сильное;
Итерация №: 230
max: 112,834
Values: 7; 1; 10; 20; 3; 5,34; 15,3; 1; 0,5; 100000; Сильное;
Итерация №: 231
max: 112,834
Values: 7; 1; 10; 20; 3; 5,34; 15,3; 1; 0,5; 100000; Сильное;
Итерация №: 232
max: 112,834
Values: 7; 1; 10; 20; 3; 5,34; 15,3; 1; 0,5; 100000; Сильное;
Итерация №: 233
max: 112,834
Values: 7; 1; 10; 20; 3; 5,34; 15,3; 1; 0,5; 100000; Сильное;
Итерация №: 234
max: 112,834
Values: 7; 1; 10; 20; 3; 5,34; 15,3; 1; 0,5; 100000; Сильное;
Итерация №: 235
max: 112,834
Values: 7; 1; 10; 20; 3; 5,34; 15,3; 1; 0,5; 100000; Сильное;
Итерация №: 236
max: 112,834
Values: 7; 1; 10; 20; 3; 5,34; 15,3; 1; 0,5; 100000; Сильное;
Итерация №: 237
max: 112,834
Values: 7; 1; 10; 20; 3; 5,34; 15,3; 1; 0,5; 100000; Сильное;
Итерация №: 238
max: 112,834
Values: 7; 1; 10; 20; 3; 5,34; 15,3; 1; 0,5; 100000; Сильное;
Итерация №: 239
max: 112,834
Values: 7; 1; 10; 20; 3; 5,34; 15,3; 1; 0,5; 100000; Сильное;
Итерация №: 240
max: 112,834
Values: 7; 1; 10; 20; 3; 5,34; 15,3; 1; 0,5; 100000; Сильное;
Итерация №: 241
max: 112,834
Values: 7; 1; 10; 20; 3; 5,34; 15,3; 1; 0,5; 100000; Сильное;
Итерация №: 242
max: 112,834
Values: 7; 1; 10; 20; 3; 5,34; 15,3; 1; 0,5; 100000; Сильное;
Итерация №: 243
max: 112,834
Values: 7; 1; 10; 20; 3; 5,34; 15,3; 1; 0,5; 100000; Сильное;
Итерация №: 244
max: 112,834
Values: 7; 1; 10; 20; 3; 5,34; 15,3; 1; 0,5; 100000; Сильное;
Итерация №: 245
max: 112,834
Values: 7; 1; 10; 20; 3; 5,34; 15,3; 1; 0,5; 100000; Сильное;
Итерация №: 246
max: 112,834
Values: 7; 1; 10; 20; 3; 5,34; 15,3; 1; 0,5; 100000; Сильное;
Итерация №: 247
max: 112,834
Values: 7; 1; 10; 20; 3; 5,34; 15,3; 1; 0,5; 100000; Сильное;
Итерация №: 248
max: 112,834
Values: 7; 1; 10; 20; 3; 5,34; 15,3; 1; 0,5; 100000; Сильное;
Итерация №: 249
max: 112,834
Values: 7; 1; 10; 20; 3; 5,34; 15,3; 1; 0,5; 100000; Сильное;
Итерация №: 250
max: 112,834
Values: 7; 1; 10; 20; 3; 5,34; 15,3; 1; 0,5; 100000; Сильное;
Итерация №: 251
max: 112,834
Values: 7; 1; 10; 20; 3; 5,34; 15,3; 1; 0,5; 100000; Сильное;
Итерация №: 252
max: 112,834
Values: 7; 1; 10; 20; 3; 5,34; 15,3; 1; 0,5; 100000; Сильное;
Итерация №: 253
max: 112,834
Values: 7; 1; 10; 20; 3; 5,34; 15,3; 1; 0,5; 100000; Сильное;
Итерация №: 254
max: 112,834
Values: 7; 1; 10; 20; 3; 5,34; 15,3; 1; 0,5; 100000; Сильное;
Итерация №: 255
max: 112,834
Values: 7; 1; 10; 20; 3; 5,34; 15,3; 1; 0,5; 100000; Сильное;
Итерация №: 256
max: 112,834
Values: 7; 1; 10; 20; 3; 5,34; 15,3; 1; 0,5; 100000; Сильное;
Итерация №: 257
max: 112,834
Values: 7; 1; 10; 20; 3; 5,34; 15,3; 1; 0,5; 100000; Сильное;
Итерация №: 258
max: 112,834
Values: 7; 1; 10; 20; 3; 5,34; 15,3; 1; 0,5; 100000; Сильное;
Итерация №: 259
max: 112,834
Values: 7; 1; 10; 20; 3; 5,34; 15,3; 1; 0,5; 100000; Сильное;
Итерация №: 260
max: 112,834
Values: 7; 1; 10; 20; 3; 5,34; 15,3; 1; 0,5; 100000; Сильное;
Итерация №: 261
max: 112,834
Values: 7; 1; 10; 20; 3; 5,34; 15,3; 1; 0,5; 100000; Сильное;
Итерация №: 262
max: 112,834
Values: 7; 1; 10; 20; 3; 5,34; 15,3; 1; 0,5; 100000; Сильное;
Итерация №: 263
max: 112,834
Values: 7; 1; 10; 20; 3; 5,34; 15,3; 1; 0,5; 100000; Сильное;
Итерация №: 264
max: 112,834
Values: 7; 1; 10; 20; 3; 5,34; 15,3; 1; 0,5; 100000; Сильное;
Итерация №: 265
max: 112,834
Values: 7; 1; 10; 20; 3; 5,34; 15,3; 1; 0,5; 100000; Сильное;
Итерация №: 266
max: 112,834
Values: 7; 1; 10; 20; 3; 5,34; 15,3; 1; 0,5; 100000; Сильное;
Итерация №: 267
max: 112,834
Values: 7; 1; 10; 20; 3; 5,34; 15,3; 1; 0,5; 100000; Сильное;
Итерация №: 268
max: 112,834
Values: 7; 1; 10; 20; 3; 5,34; 15,3; 1; 0,5; 100000; Сильное;
Итерация №: 269
max: 112,834
Values: 7; 1; 10; 20; 3; 5,34; 15,3; 1; 0,5; 100000; Сильное;
Итерация №: 270
max: 112,834
Values: 7; 1; 10; 20; 3; 5,34; 15,3; 1; 0,5; 100000; Сильное;
Итерация №: 271
max: 112,834
Values: 7; 1; 10; 20; 3; 5,34; 15,3; 1; 0,5; 100000; Сильное;
Итерация №: 272
max: 112,834
Values: 7; 1; 10; 20; 3; 5,34; 15,3; 1; 0,5; 100000; Сильное;
Итерация №: 273
max: 112,834
Values: 7; 1; 10; 20; 3; 5,34; 15,3; 1; 0,5; 100000; Сильное;
Итерация №: 274
max: 112,834
Values: 7; 1; 10; 20; 3; 5,34; 15,3; 1; 0,5; 100000; Сильное;
Итерация №: 275
max: 112,834
Values: 7; 1; 10; 20; 3; 5,34; 15,3; 1; 0,5; 100000; Сильное;
Итерация №: 276
max: 112,834
Values: 7; 1; 10; 20; 3; 5,34; 15,3; 1; 0,5; 100000; Сильное;
Итерация №: 277
max: 112,834
Values: 7; 1; 10; 20; 3; 5,34; 15,3; 1; 0,5; 100000; Сильное;
Итерация №: 278
max: 112,834
Values: 7; 1; 10; 20; 3; 5,34; 15,3; 1; 0,5; 100000; Сильное;
Итерация №: 279
max: 112,834
Values: 7; 1; 10; 20; 3; 5,34; 15,3; 1; 0,5; 100000; Сильное;
Итерация №: 280
max: 112,834
Values: 7; 1; 10; 20; 3; 5,34; 15,3; 1; 0,5; 100000; Сильное;
Итерация №: 281
max: 112,834
Values: 7; 1; 10; 20; 3; 5,34; 15,3; 1; 0,5; 100000; Сильное;
Итерация №: 282
max: 112,834
Values: 7; 1; 10; 20; 3; 5,34; 15,3; 1; 0,5; 100000; Сильное;
Итерация №: 283
max: 112,834
Values: 7; 1; 10; 20; 3; 5,34; 15,3; 1; 0,5; 100000; Сильное;
Итерация №: 284
max: 112,834
Values: 7; 1; 10; 20; 3; 5,34; 15,3; 1; 0,5; 100000; Сильное;
Итерация №: 285
max: 112,834
Values: 7; 1; 10; 20; 3; 5,34; 15,3; 1; 0,5; 100000; Сильное;
Итерация №: 286
max: 112,834
Values: 7; 1; 10; 20; 3; 5,34; 15,3; 1; 0,5; 100000; Сильное;
Итерация №: 287
max: 112,834
Values: 7; 1; 10; 20; 3; 5,34; 15,3; 1; 0,5; 100000; Сильное;
Итерация №: 288
max: 112,834
Values: 7; 1; 10; 20; 3; 5,34; 15,3; 1; 0,5; 100000; Сильное;
Итерация №: 289
max: 112,834
Values: 7; 1; 10; 20; 3; 5,34; 15,3; 1; 0,5; 100000; Сильное;
Итерация №: 290
max: 112,834
Values: 7; 1; 10; 20; 3; 5,34; 15,3; 1; 0,5; 100000; Сильное;
Итерация №: 291
max: 112,834
Values: 7; 1; 10; 20; 3; 5,34; 15,3; 1; 0,5; 100000; Сильное;
Итерация №: 292
max: 112,834
Values: 7; 1; 10; 20; 3; 5,34; 15,3; 1; 0,5; 100000; Сильное;
Итерация №: 293
max: 112,834
Values: 7; 1; 10; 20; 3; 5,34; 15,3; 1; 0,5; 100000; Сильное;
Итерация №: 294
max: 112,834
Values: 7; 1; 10; 20; 3; 5,34; 15,3; 1; 0,5; 100000; Сильное;
Итерация №: 295
max: 112,834
Values: 7; 1; 10; 20; 3; 5,34; 15,3; 1; 0,5; 100000; Сильное;
Итерация №: 296
max: 112,834
Values: 7; 1; 10; 20; 3; 5,34; 15,3; 1; 0,5; 100000; Сильное;
Итерация №: 297
max: 112,834
Values: 7; 1; 10; 20; 3; 5,34; 15,3; 1; 0,5; 100000; Сильное;
Итерация №: 298
max: 112,834
Values: 7; 1; 10; 20; 3; 5,34; 15,3; 1; 0,5; 100000; Сильное;
Итерация №: 299
max: 112,834
Values: 7; 1; 10; 20; 3; 5,34; 15,3; 1; 0,5; 100000; Сильное;
Итерация №: 300
max: 112,834
Values: 7; 1; 10; 20; 3; 5,34; 15,3; 1; 0,5; 100000; Сильное;
Итерация №: 301
max: 112,834
Values: 7; 1; 10; 20; 3; 5,34; 15,3; 1; 0,5; 100000; Сильное;
Итерация №: 302
max: 112,834
Values: 7; 1; 10; 20; 3; 5,34; 15,3; 1; 0,5; 100000; Сильное;
Итерация №: 303
max: 112,834
Values: 7; 1; 10; 20; 3; 5,34; 15,3; 1; 0,5; 100000; Сильное;
Итерация №: 304
max: 112,834
Values: 7; 1; 10; 20; 3; 5,34; 15,3; 1; 0,5; 100000; Сильное;
Итерация №: 305
max: 112,834
Values: 7; 1; 10; 20; 3; 5,34; 15,3; 1; 0,5; 100000; Сильное;
Итерация №: 306
max: 115,28399999999999
Values: 7; 1; 10; 20; 3; 5,24; 15,3; 1; 0,5; 350000; Сильное;
Итерация №: 307
max: 115,28399999999999
Values: 7; 1; 10; 20; 3; 5,24; 15,3; 1; 0,5; 350000; Сильное;
Итерация №: 308
max: 115,28399999999999
Values: 7; 1; 10; 20; 3; 5,24; 15,3; 1; 0,5; 350000; Сильное;
Итерация №: 309
max: 115,28399999999999
Values: 7; 1; 10; 20; 3; 5,24; 15,3; 1; 0,5; 350000; Сильное;
Итерация №: 310
max: 115,28399999999999
Values: 7; 1; 10; 20; 3; 5,24; 15,3; 1; 0,5; 350000; Сильное;
Итерация №: 311
max: 115,28399999999999
Values: 7; 1; 10; 20; 3; 5,24; 15,3; 1; 0,5; 350000; Сильное;
Итерация №: 312
max: 115,28399999999999
Values: 7; 1; 10; 20; 3; 5,24; 15,3; 1; 0,5; 350000; Сильное;
Итерация №: 313
max: 115,28399999999999
Values: 7; 1; 10; 20; 3; 5,24; 15,3; 1; 0,5; 350000; Сильное;
Итерация №: 314
max: 115,28399999999999
Values: 7; 1; 10; 20; 3; 5,24; 15,3; 1; 0,5; 350000; Сильное;
Итерация №: 315
max: 115,28399999999999
Values: 7; 1; 10; 20; 3; 5,24; 15,3; 1; 0,5; 350000; Сильное;
Итерация №: 316
max: 115,28399999999999
Values: 7; 1; 10; 20; 3; 5,24; 15,3; 1; 0,5; 350000; Сильное;
Итерация №: 317
max: 115,28399999999999
Values: 7; 1; 10; 20; 3; 5,24; 15,3; 1; 0,5; 350000; Сильное;
Итерация №: 318
max: 115,28399999999999
Values: 7; 1; 10; 20; 3; 5,24; 15,3; 1; 0,5; 350000; Сильное;
Итерация №: 319
max: 115,28399999999999
Values: 7; 1; 10; 20; 3; 5,24; 15,3; 1; 0,5; 350000; Сильное;
Итерация №: 320
max: 115,28399999999999
Values: 7; 1; 10; 20; 3; 5,24; 15,3; 1; 0,5; 350000; Сильное;
Итерация №: 321
max: 115,28399999999999
Values: 7; 1; 10; 20; 3; 5,24; 15,3; 1; 0,5; 350000; Сильное;
Итерация №: 322
max: 115,28399999999999
Values: 7; 1; 10; 20; 3; 5,24; 15,3; 1; 0,5; 350000; Сильное;
Итерация №: 323
max: 115,334
Values: 7; 1; 10; 20; 3; 5,34; 15,3; 1; 0,5; 350000; Сильное;
Итерация №: 324
max: 115,334
Values: 7; 1; 10; 20; 3; 5,34; 15,3; 1; 0,5; 350000; Сильное;
Итерация №: 325
max: 115,334
Values: 7; 1; 10; 20; 3; 5,34; 15,3; 1; 0,5; 350000; Сильное;
Итерация №: 326
max: 115,334
Values: 7; 1; 10; 20; 3; 5,34; 15,3; 1; 0,5; 350000; Сильное;
Итерация №: 327
max: 115,334
Values: 7; 1; 10; 20; 3; 5,34; 15,3; 1; 0,5; 350000; Сильное;
Итерация №: 328
max: 115,334
Values: 7; 1; 10; 20; 3; 5,34; 15,3; 1; 0,5; 350000; Сильное;
Итерация №: 329
max: 115,334
Values: 7; 1; 10; 20; 3; 5,34; 15,3; 1; 0,5; 350000; Сильное;
Итерация №: 330
max: 115,334
Values: 7; 1; 10; 20; 3; 5,34; 15,3; 1; 0,5; 350000; Сильное;
Итерация №: 331
max: 115,334
Values: 7; 1; 10; 20; 3; 5,34; 15,3; 1; 0,5; 350000; Сильное;
Итерация №: 332
max: 115,334
Values: 7; 1; 10; 20; 3; 5,34; 15,3; 1; 0,5; 350000; Сильное;
Итерация №: 333
max: 115,334
Values: 7; 1; 10; 20; 3; 5,34; 15,3; 1; 0,5; 350000; Сильное;
Итерация №: 334
max: 115,334
Values: 7; 1; 10; 20; 3; 5,34; 15,3; 1; 0,5; 350000; Сильное;
Итерация №: 335
max: 115,334
Values: 7; 1; 10; 20; 3; 5,34; 15,3; 1; 0,5; 350000; Сильное;
Итерация №: 336
max: 115,334
Values: 7; 1; 10; 20; 3; 5,34; 15,3; 1; 0,5; 350000; Сильное;
Итерация №: 337
max: 115,334
Values: 7; 1; 10; 20; 3; 5,34; 15,3; 1; 0,5; 350000; Сильное;
Итерация №: 338
max: 115,334
Values: 7; 1; 10; 20; 3; 5,34; 15,3; 1; 0,5; 350000; Сильное;
Итерация №: 339
max: 115,334
Values: 7; 1; 10; 20; 3; 5,34; 15,3; 1; 0,5; 350000; Сильное;
Итерация №: 340
max: 115,334
Values: 7; 1; 10; 20; 3; 5,34; 15,3; 1; 0,5; 350000; Сильное;
Итерация №: 341
max: 115,334
Values: 7; 1; 10; 20; 3; 5,34; 15,3; 1; 0,5; 350000; Сильное;
Итерация №: 342
max: 115,334
Values: 7; 1; 10; 20; 3; 5,34; 15,3; 1; 0,5; 350000; Сильное;
Итерация №: 343
max: 115,334
Values: 7; 1; 10; 20; 3; 5,34; 15,3; 1; 0,5; 350000; Сильное;
Итерация №: 344
max: 115,334
Values: 7; 1; 10; 20; 3; 5,34; 15,3; 1; 0,5; 350000; Сильное;
Итерация №: 345
max: 115,334
Values: 7; 1; 10; 20; 3; 5,34; 15,3; 1; 0,5; 350000; Сильное;
Итерация №: 346
max: 115,334
Values: 7; 1; 10; 20; 3; 5,34; 15,3; 1; 0,5; 350000; Сильное;
Итерация №: 347
max: 115,334
Values: 7; 1; 10; 20; 3; 5,34; 15,3; 1; 0,5; 350000; Сильное;
Итерация №: 348
max: 115,334
Values: 7; 1; 10; 20; 3; 5,34; 15,3; 1; 0,5; 350000; Сильное;
Итерация №: 349
max: 115,334
Values: 7; 1; 10; 20; 3; 5,34; 15,3; 1; 0,5; 350000; Сильное;
Итерация №: 350
max: 115,334
Values: 7; 1; 10; 20; 3; 5,34; 15,3; 1; 0,5; 350000; Сильное;
Итерация №: 351
max: 115,334
Values: 7; 1; 10; 20; 3; 5,34; 15,3; 1; 0,5; 350000; Сильное;
Итерация №: 352
max: 115,334
Values: 7; 1; 10; 20; 3; 5,34; 15,3; 1; 0,5; 350000; Сильное;
Итерация №: 353
max: 115,334
Values: 7; 1; 10; 20; 3; 5,34; 15,3; 1; 0,5; 350000; Сильное;
Итерация №: 354
max: 115,334
Values: 7; 1; 10; 20; 3; 5,34; 15,3; 1; 0,5; 350000; Сильное;
Итерация №: 355
max: 115,334
Values: 7; 1; 10; 20; 3; 5,34; 15,3; 1; 0,5; 350000; Сильное;
Итерация №: 356
max: 115,334
Values: 7; 1; 10; 20; 3; 5,34; 15,3; 1; 0,5; 350000; Сильное;
Итерация №: 357
max: 115,334
Values: 7; 1; 10; 20; 3; 5,34; 15,3; 1; 0,5; 350000; Сильное;
Итерация №: 358
max: 115,334
Values: 7; 1; 10; 20; 3; 5,34; 15,3; 1; 0,5; 350000; Сильное;
Итерация №: 359
max: 115,334
Values: 7; 1; 10; 20; 3; 5,34; 15,3; 1; 0,5; 350000; Сильное;
Итерация №: 360
max: 115,334
Values: 7; 1; 10; 20; 3; 5,34; 15,3; 1; 0,5; 350000; Сильное;
Итерация №: 361
max: 115,334
Values: 7; 1; 10; 20; 3; 5,34; 15,3; 1; 0,5; 350000; Сильное;
Итерация №: 362
max: 115,334
Values: 7; 1; 10; 20; 3; 5,34; 15,3; 1; 0,5; 350000; Сильное;
Итерация №: 363
max: 115,334
Values: 7; 1; 10; 20; 3; 5,34; 15,3; 1; 0,5; 350000; Сильное;
