Число агентов: 5
Количество итераций: 922
Число всех возможных путей: 4608
-------------------------------------------------------------------------
Входные параметры:
№0 Values: 1; 2; 7; Type: Double; ValuesCount: 3
№1 Values: 1; 4; 5; Type: Double; ValuesCount: 3
№2 Values: 1; 10; Type: Double; ValuesCount: 2
№3 Values: 1; 20; Type: Double; ValuesCount: 2
№4 Values: 1; 3; Type: Double; ValuesCount: 2
№5 Values: 5,24; 5,34; Type: Double; ValuesCount: 2
№6 Values: 15,3; 15,5; Type: Double; ValuesCount: 2
№7 Values: 1; 10; Type: Double; ValuesCount: 2
№8 Values: 0,01; 0,5; Type: Double; ValuesCount: 2
№9 Values: 100000; 350000; Type: Double; ValuesCount: 2
№10 Values: Сильное; Слабое; Type: String; ValuesCount: 2
-------------------------------------------------------------------------


Результаты работы:
Итерация №: 0
max: 99,81
Values: 7; 1; 10; 20; 1; 5,34; 15,5; 10; 0,5; 100000; Сильное;
Итерация №: 1
max: 99,81
Values: 7; 1; 10; 20; 1; 5,34; 15,5; 10; 0,5; 100000; Сильное;
Итерация №: 2
max: 99,81
Values: 7; 1; 10; 20; 1; 5,34; 15,5; 10; 0,5; 100000; Сильное;
Итерация №: 3
max: 99,81
Values: 7; 1; 10; 20; 1; 5,34; 15,5; 10; 0,5; 100000; Сильное;
Итерация №: 4
max: 99,81
Values: 7; 1; 10; 20; 1; 5,34; 15,5; 10; 0,5; 100000; Сильное;
Итерация №: 5
max: 99,81
Values: 7; 1; 10; 20; 1; 5,34; 15,5; 10; 0,5; 100000; Сильное;
Итерация №: 6
max: 99,81
Values: 7; 1; 10; 20; 1; 5,34; 15,5; 10; 0,5; 100000; Сильное;
Итерация №: 7
max: 99,81
Values: 7; 1; 10; 20; 1; 5,34; 15,5; 10; 0,5; 100000; Сильное;
Итерация №: 8
max: 99,81
Values: 7; 1; 10; 20; 1; 5,34; 15,5; 10; 0,5; 100000; Сильное;
Итерация №: 9
max: 99,81
Values: 7; 1; 10; 20; 1; 5,34; 15,5; 10; 0,5; 100000; Сильное;
Итерация №: 10
max: 99,81
Values: 7; 1; 10; 20; 1; 5,34; 15,5; 10; 0,5; 100000; Сильное;
Итерация №: 11
max: 99,81
Values: 7; 1; 10; 20; 1; 5,34; 15,5; 10; 0,5; 100000; Сильное;
Итерация №: 12
max: 99,81
Values: 7; 1; 10; 20; 1; 5,34; 15,5; 10; 0,5; 100000; Сильное;
Итерация №: 13
max: 99,81
Values: 7; 1; 10; 20; 1; 5,34; 15,5; 10; 0,5; 100000; Сильное;
Итерация №: 14
max: 99,81
Values: 7; 1; 10; 20; 1; 5,34; 15,5; 10; 0,5; 100000; Сильное;
Итерация №: 15
max: 99,81
Values: 7; 1; 10; 20; 1; 5,34; 15,5; 10; 0,5; 100000; Сильное;
Итерация №: 16
max: 99,81
Values: 7; 1; 10; 20; 1; 5,34; 15,5; 10; 0,5; 100000; Сильное;
Итерация №: 17
max: 99,81
Values: 7; 1; 10; 20; 1; 5,34; 15,5; 10; 0,5; 100000; Сильное;
Итерация №: 18
max: 99,81
Values: 7; 1; 10; 20; 1; 5,34; 15,5; 10; 0,5; 100000; Сильное;
Итерация №: 19
max: 99,81
Values: 7; 1; 10; 20; 1; 5,34; 15,5; 10; 0,5; 100000; Сильное;
Итерация №: 20
max: 99,81
Values: 7; 1; 10; 20; 1; 5,34; 15,5; 10; 0,5; 100000; Сильное;
Итерация №: 21
max: 99,81
Values: 7; 1; 10; 20; 1; 5,34; 15,5; 10; 0,5; 100000; Сильное;
Итерация №: 22
max: 99,81
Values: 7; 1; 10; 20; 1; 5,34; 15,5; 10; 0,5; 100000; Сильное;
Итерация №: 23
max: 99,81
Values: 7; 1; 10; 20; 1; 5,34; 15,5; 10; 0,5; 100000; Сильное;
Итерация №: 24
max: 99,81
Values: 7; 1; 10; 20; 1; 5,34; 15,5; 10; 0,5; 100000; Сильное;
Итерация №: 25
max: 99,81
Values: 7; 1; 10; 20; 1; 5,34; 15,5; 10; 0,5; 100000; Сильное;
Итерация №: 26
max: 99,81
Values: 7; 1; 10; 20; 1; 5,34; 15,5; 10; 0,5; 100000; Сильное;
Итерация №: 27
max: 99,81
Values: 7; 1; 10; 20; 1; 5,34; 15,5; 10; 0,5; 100000; Сильное;
Итерация №: 28
max: 99,81
Values: 7; 1; 10; 20; 1; 5,34; 15,5; 10; 0,5; 100000; Сильное;
Итерация №: 29
max: 99,81
Values: 7; 1; 10; 20; 1; 5,34; 15,5; 10; 0,5; 100000; Сильное;
Итерация №: 30
max: 99,81
Values: 7; 1; 10; 20; 1; 5,34; 15,5; 10; 0,5; 100000; Сильное;
Итерация №: 31
max: 99,81
Values: 7; 1; 10; 20; 1; 5,34; 15,5; 10; 0,5; 100000; Сильное;
Итерация №: 32
max: 99,81
Values: 7; 1; 10; 20; 1; 5,34; 15,5; 10; 0,5; 100000; Сильное;
Итерация №: 33
max: 99,81
Values: 7; 1; 10; 20; 1; 5,34; 15,5; 10; 0,5; 100000; Сильное;
Итерация №: 34
max: 99,81
Values: 7; 1; 10; 20; 1; 5,34; 15,5; 10; 0,5; 100000; Сильное;
Итерация №: 35
max: 99,81
Values: 7; 1; 10; 20; 1; 5,34; 15,5; 10; 0,5; 100000; Сильное;
Итерация №: 36
max: 99,81
Values: 7; 1; 10; 20; 1; 5,34; 15,5; 10; 0,5; 100000; Сильное;
Итерация №: 37
max: 99,81
Values: 7; 1; 10; 20; 1; 5,34; 15,5; 10; 0,5; 100000; Сильное;
Итерация №: 38
max: 99,81
Values: 7; 1; 10; 20; 1; 5,34; 15,5; 10; 0,5; 100000; Сильное;
Итерация №: 39
max: 99,81
Values: 7; 1; 10; 20; 1; 5,34; 15,5; 10; 0,5; 100000; Сильное;
Итерация №: 40
max: 99,81
Values: 7; 1; 10; 20; 1; 5,34; 15,5; 10; 0,5; 100000; Сильное;
Итерация №: 41
max: 99,81
Values: 7; 1; 10; 20; 1; 5,34; 15,5; 10; 0,5; 100000; Сильное;
Итерация №: 42
max: 99,81
Values: 7; 1; 10; 20; 1; 5,34; 15,5; 10; 0,5; 100000; Сильное;
Итерация №: 43
max: 99,81
Values: 7; 1; 10; 20; 1; 5,34; 15,5; 10; 0,5; 100000; Сильное;
Итерация №: 44
max: 99,81
Values: 7; 1; 10; 20; 1; 5,34; 15,5; 10; 0,5; 100000; Сильное;
Итерация №: 45
max: 99,81
Values: 7; 1; 10; 20; 1; 5,34; 15,5; 10; 0,5; 100000; Сильное;
Итерация №: 46
max: 99,81
Values: 7; 1; 10; 20; 1; 5,34; 15,5; 10; 0,5; 100000; Сильное;
Итерация №: 47
max: 99,81
Values: 7; 1; 10; 20; 1; 5,34; 15,5; 10; 0,5; 100000; Сильное;
Итерация №: 48
max: 99,81
Values: 7; 1; 10; 20; 1; 5,34; 15,5; 10; 0,5; 100000; Сильное;
Итерация №: 49
max: 99,81
Values: 7; 1; 10; 20; 1; 5,34; 15,5; 10; 0,5; 100000; Сильное;
Итерация №: 50
max: 99,81
Values: 7; 1; 10; 20; 1; 5,34; 15,5; 10; 0,5; 100000; Сильное;
Итерация №: 51
max: 99,81
Values: 7; 1; 10; 20; 1; 5,34; 15,5; 10; 0,5; 100000; Сильное;
Итерация №: 52
max: 99,81
Values: 7; 1; 10; 20; 1; 5,34; 15,5; 10; 0,5; 100000; Сильное;
Итерация №: 53
max: 99,81
Values: 7; 1; 10; 20; 1; 5,34; 15,5; 10; 0,5; 100000; Сильное;
Итерация №: 54
max: 99,81
Values: 7; 1; 10; 20; 1; 5,34; 15,5; 10; 0,5; 100000; Сильное;
Итерация №: 55
max: 99,81
Values: 7; 1; 10; 20; 1; 5,34; 15,5; 10; 0,5; 100000; Сильное;
