Число агентов: 5
Количество итераций: 6999
Число всех возможных путей: 34992
-------------------------------------------------------------------------
Входные параметры:
№0 Values: 1; 2; 7; Type: Double; ValuesCount: 3
№1 Values: 1; 4; 5; Type: Double; ValuesCount: 3
№2 Values: 1; 10; Type: Double; ValuesCount: 2
№3 Values: 1; 11; 20; Type: Double; ValuesCount: 3
№4 Values: 1; 3; Type: Double; ValuesCount: 2
№5 Values: 5,24; 5,33; 5,34; Type: Double; ValuesCount: 3
№6 Values: 15,3; 15,5; 16,9; Type: Double; ValuesCount: 3
№7 Values: 10; 1; Type: Double; ValuesCount: 2
№8 Values: 0,01; 0,3; 0,5; Type: Double; ValuesCount: 3
№9 Values: 100000; 350000; 600000; Type: Double; ValuesCount: 3
№10 Values: Сильное; Слабое; Type: String; ValuesCount: 2
-------------------------------------------------------------------------


Результаты работы:
Итерация №: 0
max: 63,81
Values: 7; 4; 1; 1; 3; 5,34; 15,5; 10; 0,5; 100000; Сильное;
Итерация №: 1
max: 73,805
Values: 2; 1; 10; 1; 1; 5,33; 15,5; 1; 0,3; 600000; Сильное;
Итерация №: 2
max: 87,092
Values: 7; 5; 10; 20; 1; 5,24; 16,9; 1; 0,5; 350000; Слабое;
Итерация №: 3
max: 87,092
Values: 7; 5; 10; 20; 1; 5,24; 16,9; 1; 0,5; 350000; Слабое;
Итерация №: 4
max: 87,092
Values: 7; 5; 10; 20; 1; 5,24; 16,9; 1; 0,5; 350000; Слабое;
Итерация №: 5
max: 87,092
Values: 7; 5; 10; 20; 1; 5,24; 16,9; 1; 0,5; 350000; Слабое;
Итерация №: 6
max: 87,092
Values: 7; 5; 10; 20; 1; 5,24; 16,9; 1; 0,5; 350000; Слабое;
Итерация №: 7
max: 87,092
Values: 7; 5; 10; 20; 1; 5,24; 16,9; 1; 0,5; 350000; Слабое;
Итерация №: 8
max: 87,092
Values: 7; 5; 10; 20; 1; 5,24; 16,9; 1; 0,5; 350000; Слабое;
Итерация №: 9
max: 91,75999999999999
Values: 7; 5; 10; 11; 1; 5,24; 15,5; 10; 0,5; 600000; Сильное;
Итерация №: 10
max: 91,75999999999999
Values: 7; 5; 10; 11; 1; 5,24; 15,5; 10; 0,5; 600000; Сильное;
Итерация №: 11
max: 91,75999999999999
Values: 7; 5; 10; 11; 1; 5,24; 15,5; 10; 0,5; 600000; Сильное;
Итерация №: 12
max: 91,75999999999999
Values: 7; 5; 10; 11; 1; 5,24; 15,5; 10; 0,5; 600000; Сильное;
Итерация №: 13
max: 91,75999999999999
Values: 7; 5; 10; 11; 1; 5,24; 15,5; 10; 0,5; 600000; Сильное;
Итерация №: 14
max: 117,637
Values: 7; 1; 10; 20; 3; 5,33; 16,9; 1; 0,5; 600000; Сильное;
Итерация №: 15
max: 117,637
Values: 7; 1; 10; 20; 3; 5,33; 16,9; 1; 0,5; 600000; Сильное;
Итерация №: 16
max: 117,637
Values: 7; 1; 10; 20; 3; 5,33; 16,9; 1; 0,5; 600000; Сильное;
Итерация №: 17
max: 117,637
Values: 7; 1; 10; 20; 3; 5,33; 16,9; 1; 0,5; 600000; Сильное;
Итерация №: 18
max: 117,637
Values: 7; 1; 10; 20; 3; 5,33; 16,9; 1; 0,5; 600000; Сильное;
Итерация №: 19
max: 117,637
Values: 7; 1; 10; 20; 3; 5,33; 16,9; 1; 0,5; 600000; Сильное;
Итерация №: 20
max: 117,637
Values: 7; 1; 10; 20; 3; 5,33; 16,9; 1; 0,5; 600000; Сильное;
Итерация №: 21
max: 117,637
Values: 7; 1; 10; 20; 3; 5,33; 16,9; 1; 0,5; 600000; Сильное;
Итерация №: 22
max: 117,637
Values: 7; 1; 10; 20; 3; 5,33; 16,9; 1; 0,5; 600000; Сильное;
Итерация №: 23
max: 117,637
Values: 7; 1; 10; 20; 3; 5,33; 16,9; 1; 0,5; 600000; Сильное;
Итерация №: 24
max: 117,637
Values: 7; 1; 10; 20; 3; 5,33; 16,9; 1; 0,5; 600000; Сильное;
Итерация №: 25
max: 117,637
Values: 7; 1; 10; 20; 3; 5,33; 16,9; 1; 0,5; 600000; Сильное;
Итерация №: 26
max: 117,637
Values: 7; 1; 10; 20; 3; 5,33; 16,9; 1; 0,5; 600000; Сильное;
Итерация №: 27
max: 117,637
Values: 7; 1; 10; 20; 3; 5,33; 16,9; 1; 0,5; 600000; Сильное;
Итерация №: 28
max: 117,637
Values: 7; 1; 10; 20; 3; 5,33; 16,9; 1; 0,5; 600000; Сильное;
Итерация №: 29
max: 117,637
Values: 7; 1; 10; 20; 3; 5,33; 16,9; 1; 0,5; 600000; Сильное;
Итерация №: 30
max: 117,637
Values: 7; 1; 10; 20; 3; 5,33; 16,9; 1; 0,5; 600000; Сильное;
Итерация №: 31
max: 117,637
Values: 7; 1; 10; 20; 3; 5,33; 16,9; 1; 0,5; 600000; Сильное;
Итерация №: 32
max: 117,637
Values: 7; 1; 10; 20; 3; 5,33; 16,9; 1; 0,5; 600000; Сильное;
Итерация №: 33
max: 117,637
Values: 7; 1; 10; 20; 3; 5,33; 16,9; 1; 0,5; 600000; Сильное;
Итерация №: 34
max: 117,637
Values: 7; 1; 10; 20; 3; 5,33; 16,9; 1; 0,5; 600000; Сильное;
Итерация №: 35
max: 117,637
Values: 7; 1; 10; 20; 3; 5,33; 16,9; 1; 0,5; 600000; Сильное;
Итерация №: 36
max: 117,637
Values: 7; 1; 10; 20; 3; 5,33; 16,9; 1; 0,5; 600000; Сильное;
Итерация №: 37
max: 117,637
Values: 7; 1; 10; 20; 3; 5,33; 16,9; 1; 0,5; 600000; Сильное;
Итерация №: 38
max: 117,637
Values: 7; 1; 10; 20; 3; 5,33; 16,9; 1; 0,5; 600000; Сильное;
Итерация №: 39
max: 117,637
Values: 7; 1; 10; 20; 3; 5,33; 16,9; 1; 0,5; 600000; Сильное;
Итерация №: 40
max: 117,637
Values: 7; 1; 10; 20; 3; 5,33; 16,9; 1; 0,5; 600000; Сильное;
Итерация №: 41
max: 117,637
Values: 7; 1; 10; 20; 3; 5,33; 16,9; 1; 0,5; 600000; Сильное;
Итерация №: 42
max: 117,637
Values: 7; 1; 10; 20; 3; 5,33; 16,9; 1; 0,5; 600000; Сильное;
Итерация №: 43
max: 117,637
Values: 7; 1; 10; 20; 3; 5,33; 16,9; 1; 0,5; 600000; Сильное;
Итерация №: 44
max: 117,637
Values: 7; 1; 10; 20; 3; 5,33; 16,9; 1; 0,5; 600000; Сильное;
Итерация №: 45
max: 117,637
Values: 7; 1; 10; 20; 3; 5,33; 16,9; 1; 0,5; 600000; Сильное;
Итерация №: 46
max: 117,637
Values: 7; 1; 10; 20; 3; 5,33; 16,9; 1; 0,5; 600000; Сильное;
Итерация №: 47
max: 117,637
Values: 7; 1; 10; 20; 3; 5,33; 16,9; 1; 0,5; 600000; Сильное;
Итерация №: 48
max: 117,637
Values: 7; 1; 10; 20; 3; 5,33; 16,9; 1; 0,5; 600000; Сильное;
Итерация №: 49
max: 117,637
Values: 7; 1; 10; 20; 3; 5,33; 16,9; 1; 0,5; 600000; Сильное;
Итерация №: 50
max: 117,637
Values: 7; 1; 10; 20; 3; 5,33; 16,9; 1; 0,5; 600000; Сильное;
Итерация №: 51
max: 117,637
Values: 7; 1; 10; 20; 3; 5,33; 16,9; 1; 0,5; 600000; Сильное;
Итерация №: 52
max: 117,637
Values: 7; 1; 10; 20; 3; 5,33; 16,9; 1; 0,5; 600000; Сильное;
Итерация №: 53
max: 117,637
Values: 7; 1; 10; 20; 3; 5,33; 16,9; 1; 0,5; 600000; Сильное;
Итерация №: 54
max: 117,637
Values: 7; 1; 10; 20; 3; 5,33; 16,9; 1; 0,5; 600000; Сильное;
Итерация №: 55
max: 117,637
Values: 7; 1; 10; 20; 3; 5,33; 16,9; 1; 0,5; 600000; Сильное;
Итерация №: 56
max: 117,637
Values: 7; 1; 10; 20; 3; 5,33; 16,9; 1; 0,5; 600000; Сильное;
Итерация №: 57
max: 117,637
Values: 7; 1; 10; 20; 3; 5,33; 16,9; 1; 0,5; 600000; Сильное;
Итерация №: 58
max: 117,637
Values: 7; 1; 10; 20; 3; 5,33; 16,9; 1; 0,5; 600000; Сильное;
Итерация №: 59
max: 117,637
Values: 7; 1; 10; 20; 3; 5,33; 16,9; 1; 0,5; 600000; Сильное;
Итерация №: 60
max: 117,637
Values: 7; 1; 10; 20; 3; 5,33; 16,9; 1; 0,5; 600000; Сильное;
Итерация №: 61
max: 117,637
Values: 7; 1; 10; 20; 3; 5,33; 16,9; 1; 0,5; 600000; Сильное;
Итерация №: 62
max: 117,637
Values: 7; 1; 10; 20; 3; 5,33; 16,9; 1; 0,5; 600000; Сильное;
Итерация №: 63
max: 117,637
Values: 7; 1; 10; 20; 3; 5,33; 16,9; 1; 0,5; 600000; Сильное;
Итерация №: 64
max: 117,637
Values: 7; 1; 10; 20; 3; 5,33; 16,9; 1; 0,5; 600000; Сильное;
Итерация №: 65
max: 117,637
Values: 7; 1; 10; 20; 3; 5,33; 16,9; 1; 0,5; 600000; Сильное;
Итерация №: 66
max: 117,637
Values: 7; 1; 10; 20; 3; 5,33; 16,9; 1; 0,5; 600000; Сильное;
Итерация №: 67
max: 117,637
Values: 7; 1; 10; 20; 3; 5,33; 16,9; 1; 0,5; 600000; Сильное;
Итерация №: 68
max: 117,637
Values: 7; 1; 10; 20; 3; 5,33; 16,9; 1; 0,5; 600000; Сильное;
Итерация №: 69
max: 117,637
Values: 7; 1; 10; 20; 3; 5,33; 16,9; 1; 0,5; 600000; Сильное;
Итерация №: 70
max: 117,637
Values: 7; 1; 10; 20; 3; 5,33; 16,9; 1; 0,5; 600000; Сильное;
Итерация №: 71
max: 117,637
Values: 7; 1; 10; 20; 3; 5,33; 16,9; 1; 0,5; 600000; Сильное;
Итерация №: 72
max: 117,637
Values: 7; 1; 10; 20; 3; 5,33; 16,9; 1; 0,5; 600000; Сильное;
Итерация №: 73
max: 117,637
Values: 7; 1; 10; 20; 3; 5,33; 16,9; 1; 0,5; 600000; Сильное;
Итерация №: 74
max: 117,637
Values: 7; 1; 10; 20; 3; 5,33; 16,9; 1; 0,5; 600000; Сильное;
Итерация №: 75
max: 117,637
Values: 7; 1; 10; 20; 3; 5,33; 16,9; 1; 0,5; 600000; Сильное;
Итерация №: 76
max: 117,637
Values: 7; 1; 10; 20; 3; 5,33; 16,9; 1; 0,5; 600000; Сильное;
Итерация №: 77
max: 117,637
Values: 7; 1; 10; 20; 3; 5,33; 16,9; 1; 0,5; 600000; Сильное;
Итерация №: 78
max: 117,637
Values: 7; 1; 10; 20; 3; 5,33; 16,9; 1; 0,5; 600000; Сильное;
Итерация №: 79
max: 117,637
Values: 7; 1; 10; 20; 3; 5,33; 16,9; 1; 0,5; 600000; Сильное;
Итерация №: 80
max: 117,637
Values: 7; 1; 10; 20; 3; 5,33; 16,9; 1; 0,5; 600000; Сильное;
Итерация №: 81
max: 117,637
Values: 7; 1; 10; 20; 3; 5,33; 16,9; 1; 0,5; 600000; Сильное;
Итерация №: 82
max: 117,637
Values: 7; 1; 10; 20; 3; 5,33; 16,9; 1; 0,5; 600000; Сильное;
Итерация №: 83
max: 117,637
Values: 7; 1; 10; 20; 3; 5,33; 16,9; 1; 0,5; 600000; Сильное;
Итерация №: 84
max: 117,637
Values: 7; 1; 10; 20; 3; 5,33; 16,9; 1; 0,5; 600000; Сильное;
Итерация №: 85
max: 117,637
Values: 7; 1; 10; 20; 3; 5,33; 16,9; 1; 0,5; 600000; Сильное;
Итерация №: 86
max: 117,637
Values: 7; 1; 10; 20; 3; 5,33; 16,9; 1; 0,5; 600000; Сильное;
Итерация №: 87
max: 117,637
Values: 7; 1; 10; 20; 3; 5,33; 16,9; 1; 0,5; 600000; Сильное;
Итерация №: 88
max: 117,637
Values: 7; 1; 10; 20; 3; 5,33; 16,9; 1; 0,5; 600000; Сильное;
Итерация №: 89
max: 117,637
Values: 7; 1; 10; 20; 3; 5,33; 16,9; 1; 0,5; 600000; Сильное;
Итерация №: 90
max: 117,637
Values: 7; 1; 10; 20; 3; 5,33; 16,9; 1; 0,5; 600000; Сильное;
Итерация №: 91
max: 117,637
Values: 7; 1; 10; 20; 3; 5,33; 16,9; 1; 0,5; 600000; Сильное;
Итерация №: 92
max: 117,637
Values: 7; 1; 10; 20; 3; 5,33; 16,9; 1; 0,5; 600000; Сильное;
Итерация №: 93
max: 117,637
Values: 7; 1; 10; 20; 3; 5,33; 16,9; 1; 0,5; 600000; Сильное;
Итерация №: 94
max: 117,637
Values: 7; 1; 10; 20; 3; 5,33; 16,9; 1; 0,5; 600000; Сильное;
Итерация №: 95
max: 117,637
Values: 7; 1; 10; 20; 3; 5,33; 16,9; 1; 0,5; 600000; Сильное;
Итерация №: 96
max: 117,637
Values: 7; 1; 10; 20; 3; 5,33; 16,9; 1; 0,5; 600000; Сильное;
Итерация №: 97
max: 117,637
Values: 7; 1; 10; 20; 3; 5,33; 16,9; 1; 0,5; 600000; Сильное;
Итерация №: 98
max: 117,637
Values: 7; 1; 10; 20; 3; 5,33; 16,9; 1; 0,5; 600000; Сильное;
Итерация №: 99
max: 117,637
Values: 7; 1; 10; 20; 3; 5,33; 16,9; 1; 0,5; 600000; Сильное;
Итерация №: 100
max: 117,637
Values: 7; 1; 10; 20; 3; 5,33; 16,9; 1; 0,5; 600000; Сильное;
Итерация №: 101
max: 117,637
Values: 7; 1; 10; 20; 3; 5,33; 16,9; 1; 0,5; 600000; Сильное;
Итерация №: 102
max: 117,637
Values: 7; 1; 10; 20; 3; 5,33; 16,9; 1; 0,5; 600000; Сильное;
Итерация №: 103
max: 117,637
Values: 7; 1; 10; 20; 3; 5,33; 16,9; 1; 0,5; 600000; Сильное;
Итерация №: 104
max: 117,637
Values: 7; 1; 10; 20; 3; 5,33; 16,9; 1; 0,5; 600000; Сильное;
Итерация №: 105
max: 117,637
Values: 7; 1; 10; 20; 3; 5,33; 16,9; 1; 0,5; 600000; Сильное;
Итерация №: 106
max: 117,637
Values: 7; 1; 10; 20; 3; 5,33; 16,9; 1; 0,5; 600000; Сильное;
Итерация №: 107
max: 117,637
Values: 7; 1; 10; 20; 3; 5,33; 16,9; 1; 0,5; 600000; Сильное;
Итерация №: 108
max: 117,637
Values: 7; 1; 10; 20; 3; 5,33; 16,9; 1; 0,5; 600000; Сильное;
Итерация №: 109
max: 117,637
Values: 7; 1; 10; 20; 3; 5,33; 16,9; 1; 0,5; 600000; Сильное;
Итерация №: 110
max: 117,637
Values: 7; 1; 10; 20; 3; 5,33; 16,9; 1; 0,5; 600000; Сильное;
Итерация №: 111
max: 117,637
Values: 7; 1; 10; 20; 3; 5,33; 16,9; 1; 0,5; 600000; Сильное;
Итерация №: 112
max: 117,637
Values: 7; 1; 10; 20; 3; 5,33; 16,9; 1; 0,5; 600000; Сильное;
Итерация №: 113
max: 117,637
Values: 7; 1; 10; 20; 3; 5,33; 16,9; 1; 0,5; 600000; Сильное;
Итерация №: 114
max: 117,637
Values: 7; 1; 10; 20; 3; 5,33; 16,9; 1; 0,5; 600000; Сильное;
Итерация №: 115
max: 117,637
Values: 7; 1; 10; 20; 3; 5,33; 16,9; 1; 0,5; 600000; Сильное;
Итерация №: 116
max: 117,637
Values: 7; 1; 10; 20; 3; 5,33; 16,9; 1; 0,5; 600000; Сильное;
Итерация №: 117
max: 117,637
Values: 7; 1; 10; 20; 3; 5,33; 16,9; 1; 0,5; 600000; Сильное;
Итерация №: 118
max: 117,637
Values: 7; 1; 10; 20; 3; 5,33; 16,9; 1; 0,5; 600000; Сильное;
Итерация №: 119
max: 117,637
Values: 7; 1; 10; 20; 3; 5,33; 16,9; 1; 0,5; 600000; Сильное;
Итерация №: 120
max: 117,637
Values: 7; 1; 10; 20; 3; 5,33; 16,9; 1; 0,5; 600000; Сильное;
Итерация №: 121
max: 117,637
Values: 7; 1; 10; 20; 3; 5,33; 16,9; 1; 0,5; 600000; Сильное;
Итерация №: 122
max: 117,637
Values: 7; 1; 10; 20; 3; 5,33; 16,9; 1; 0,5; 600000; Сильное;
Итерация №: 123
max: 117,637
Values: 7; 1; 10; 20; 3; 5,33; 16,9; 1; 0,5; 600000; Сильное;
Итерация №: 124
max: 117,637
Values: 7; 1; 10; 20; 3; 5,33; 16,9; 1; 0,5; 600000; Сильное;
Итерация №: 125
max: 117,637
Values: 7; 1; 10; 20; 3; 5,33; 16,9; 1; 0,5; 600000; Сильное;
Итерация №: 126
max: 117,637
Values: 7; 1; 10; 20; 3; 5,33; 16,9; 1; 0,5; 600000; Сильное;
Итерация №: 127
max: 117,637
Values: 7; 1; 10; 20; 3; 5,33; 16,9; 1; 0,5; 600000; Сильное;
Итерация №: 128
max: 117,637
Values: 7; 1; 10; 20; 3; 5,33; 16,9; 1; 0,5; 600000; Сильное;
Итерация №: 129
max: 117,637
Values: 7; 1; 10; 20; 3; 5,33; 16,9; 1; 0,5; 600000; Сильное;
Итерация №: 130
max: 117,637
Values: 7; 1; 10; 20; 3; 5,33; 16,9; 1; 0,5; 600000; Сильное;
Итерация №: 131
max: 117,637
Values: 7; 1; 10; 20; 3; 5,33; 16,9; 1; 0,5; 600000; Сильное;
Итерация №: 132
max: 117,637
Values: 7; 1; 10; 20; 3; 5,33; 16,9; 1; 0,5; 600000; Сильное;
Итерация №: 133
max: 117,637
Values: 7; 1; 10; 20; 3; 5,33; 16,9; 1; 0,5; 600000; Сильное;
Итерация №: 134
max: 117,637
Values: 7; 1; 10; 20; 3; 5,33; 16,9; 1; 0,5; 600000; Сильное;
Итерация №: 135
max: 117,637
Values: 7; 1; 10; 20; 3; 5,33; 16,9; 1; 0,5; 600000; Сильное;
Итерация №: 136
max: 117,637
Values: 7; 1; 10; 20; 3; 5,33; 16,9; 1; 0,5; 600000; Сильное;
Итерация №: 137
max: 117,637
Values: 7; 1; 10; 20; 3; 5,33; 16,9; 1; 0,5; 600000; Сильное;
Итерация №: 138
max: 117,637
Values: 7; 1; 10; 20; 3; 5,33; 16,9; 1; 0,5; 600000; Сильное;
Итерация №: 139
max: 117,637
Values: 7; 1; 10; 20; 3; 5,33; 16,9; 1; 0,5; 600000; Сильное;
Итерация №: 140
max: 117,637
Values: 7; 1; 10; 20; 3; 5,33; 16,9; 1; 0,5; 600000; Сильное;
Итерация №: 141
max: 117,637
Values: 7; 1; 10; 20; 3; 5,33; 16,9; 1; 0,5; 600000; Сильное;
Итерация №: 142
max: 117,637
Values: 7; 1; 10; 20; 3; 5,33; 16,9; 1; 0,5; 600000; Сильное;
Итерация №: 143
max: 117,637
Values: 7; 1; 10; 20; 3; 5,33; 16,9; 1; 0,5; 600000; Сильное;
Итерация №: 144
max: 117,637
Values: 7; 1; 10; 20; 3; 5,33; 16,9; 1; 0,5; 600000; Сильное;
Итерация №: 145
max: 117,637
Values: 7; 1; 10; 20; 3; 5,33; 16,9; 1; 0,5; 600000; Сильное;
Итерация №: 146
max: 117,637
Values: 7; 1; 10; 20; 3; 5,33; 16,9; 1; 0,5; 600000; Сильное;
Итерация №: 147
max: 117,637
Values: 7; 1; 10; 20; 3; 5,33; 16,9; 1; 0,5; 600000; Сильное;
Итерация №: 148
max: 117,637
Values: 7; 1; 10; 20; 3; 5,33; 16,9; 1; 0,5; 600000; Сильное;
Итерация №: 149
max: 117,637
Values: 7; 1; 10; 20; 3; 5,33; 16,9; 1; 0,5; 600000; Сильное;
Итерация №: 150
max: 117,637
Values: 7; 1; 10; 20; 3; 5,33; 16,9; 1; 0,5; 600000; Сильное;
Итерация №: 151
max: 117,637
Values: 7; 1; 10; 20; 3; 5,33; 16,9; 1; 0,5; 600000; Сильное;
Итерация №: 152
max: 117,637
Values: 7; 1; 10; 20; 3; 5,33; 16,9; 1; 0,5; 600000; Сильное;
Итерация №: 153
max: 117,637
Values: 7; 1; 10; 20; 3; 5,33; 16,9; 1; 0,5; 600000; Сильное;
Итерация №: 154
max: 117,637
Values: 7; 1; 10; 20; 3; 5,33; 16,9; 1; 0,5; 600000; Сильное;
Итерация №: 155
max: 117,637
Values: 7; 1; 10; 20; 3; 5,33; 16,9; 1; 0,5; 600000; Сильное;
Итерация №: 156
max: 117,637
Values: 7; 1; 10; 20; 3; 5,33; 16,9; 1; 0,5; 600000; Сильное;
Итерация №: 157
max: 117,637
Values: 7; 1; 10; 20; 3; 5,33; 16,9; 1; 0,5; 600000; Сильное;
Итерация №: 158
max: 117,637
Values: 7; 1; 10; 20; 3; 5,33; 16,9; 1; 0,5; 600000; Сильное;
Итерация №: 159
max: 117,637
Values: 7; 1; 10; 20; 3; 5,33; 16,9; 1; 0,5; 600000; Сильное;
Итерация №: 160
max: 117,637
Values: 7; 1; 10; 20; 3; 5,33; 16,9; 1; 0,5; 600000; Сильное;
Итерация №: 161
max: 117,637
Values: 7; 1; 10; 20; 3; 5,33; 16,9; 1; 0,5; 600000; Сильное;
Итерация №: 162
max: 117,637
Values: 7; 1; 10; 20; 3; 5,33; 16,9; 1; 0,5; 600000; Сильное;
Итерация №: 163
max: 117,637
Values: 7; 1; 10; 20; 3; 5,33; 16,9; 1; 0,5; 600000; Сильное;
Итерация №: 164
max: 117,637
Values: 7; 1; 10; 20; 3; 5,33; 16,9; 1; 0,5; 600000; Сильное;
Итерация №: 165
max: 117,637
Values: 7; 1; 10; 20; 3; 5,33; 16,9; 1; 0,5; 600000; Сильное;
Итерация №: 166
max: 117,637
Values: 7; 1; 10; 20; 3; 5,33; 16,9; 1; 0,5; 600000; Сильное;
Итерация №: 167
max: 117,637
Values: 7; 1; 10; 20; 3; 5,33; 16,9; 1; 0,5; 600000; Сильное;
Итерация №: 168
max: 117,637
Values: 7; 1; 10; 20; 3; 5,33; 16,9; 1; 0,5; 600000; Сильное;
Итерация №: 169
max: 117,637
Values: 7; 1; 10; 20; 3; 5,33; 16,9; 1; 0,5; 600000; Сильное;
Итерация №: 170
max: 117,637
Values: 7; 1; 10; 20; 3; 5,33; 16,9; 1; 0,5; 600000; Сильное;
Итерация №: 171
max: 117,637
Values: 7; 1; 10; 20; 3; 5,33; 16,9; 1; 0,5; 600000; Сильное;
Итерация №: 172
max: 117,637
Values: 7; 1; 10; 20; 3; 5,33; 16,9; 1; 0,5; 600000; Сильное;
Итерация №: 173
max: 117,637
Values: 7; 1; 10; 20; 3; 5,33; 16,9; 1; 0,5; 600000; Сильное;
Итерация №: 174
max: 117,637
Values: 7; 1; 10; 20; 3; 5,33; 16,9; 1; 0,5; 600000; Сильное;
Итерация №: 175
max: 117,637
Values: 7; 1; 10; 20; 3; 5,33; 16,9; 1; 0,5; 600000; Сильное;
Итерация №: 176
max: 117,637
Values: 7; 1; 10; 20; 3; 5,33; 16,9; 1; 0,5; 600000; Сильное;
Итерация №: 177
max: 117,637
Values: 7; 1; 10; 20; 3; 5,33; 16,9; 1; 0,5; 600000; Сильное;
Итерация №: 178
max: 117,637
Values: 7; 1; 10; 20; 3; 5,33; 16,9; 1; 0,5; 600000; Сильное;
Итерация №: 179
max: 117,637
Values: 7; 1; 10; 20; 3; 5,33; 16,9; 1; 0,5; 600000; Сильное;
Итерация №: 180
max: 117,637
Values: 7; 1; 10; 20; 3; 5,33; 16,9; 1; 0,5; 600000; Сильное;
Итерация №: 181
max: 117,637
Values: 7; 1; 10; 20; 3; 5,33; 16,9; 1; 0,5; 600000; Сильное;
Итерация №: 182
max: 117,637
Values: 7; 1; 10; 20; 3; 5,33; 16,9; 1; 0,5; 600000; Сильное;
Итерация №: 183
max: 117,637
Values: 7; 1; 10; 20; 3; 5,33; 16,9; 1; 0,5; 600000; Сильное;
Итерация №: 184
max: 117,637
Values: 7; 1; 10; 20; 3; 5,33; 16,9; 1; 0,5; 600000; Сильное;
Итерация №: 185
max: 117,637
Values: 7; 1; 10; 20; 3; 5,33; 16,9; 1; 0,5; 600000; Сильное;
Итерация №: 186
max: 117,637
Values: 7; 1; 10; 20; 3; 5,33; 16,9; 1; 0,5; 600000; Сильное;
Итерация №: 187
max: 117,637
Values: 7; 1; 10; 20; 3; 5,33; 16,9; 1; 0,5; 600000; Сильное;
Итерация №: 188
max: 117,637
Values: 7; 1; 10; 20; 3; 5,33; 16,9; 1; 0,5; 600000; Сильное;
Итерация №: 189
max: 117,637
Values: 7; 1; 10; 20; 3; 5,33; 16,9; 1; 0,5; 600000; Сильное;
Итерация №: 190
max: 117,637
Values: 7; 1; 10; 20; 3; 5,33; 16,9; 1; 0,5; 600000; Сильное;
Итерация №: 191
max: 117,637
Values: 7; 1; 10; 20; 3; 5,33; 16,9; 1; 0,5; 600000; Сильное;
Итерация №: 192
max: 117,637
Values: 7; 1; 10; 20; 3; 5,33; 16,9; 1; 0,5; 600000; Сильное;
Итерация №: 193
max: 117,637
Values: 7; 1; 10; 20; 3; 5,33; 16,9; 1; 0,5; 600000; Сильное;
Итерация №: 194
max: 117,637
Values: 7; 1; 10; 20; 3; 5,33; 16,9; 1; 0,5; 600000; Сильное;
Итерация №: 195
max: 117,637
Values: 7; 1; 10; 20; 3; 5,33; 16,9; 1; 0,5; 600000; Сильное;
Итерация №: 196
max: 117,637
Values: 7; 1; 10; 20; 3; 5,33; 16,9; 1; 0,5; 600000; Сильное;
Итерация №: 197
max: 117,637
Values: 7; 1; 10; 20; 3; 5,33; 16,9; 1; 0,5; 600000; Сильное;
Итерация №: 198
max: 117,637
Values: 7; 1; 10; 20; 3; 5,33; 16,9; 1; 0,5; 600000; Сильное;
Итерация №: 199
max: 117,637
Values: 7; 1; 10; 20; 3; 5,33; 16,9; 1; 0,5; 600000; Сильное;
Итерация №: 200
max: 117,637
Values: 7; 1; 10; 20; 3; 5,33; 16,9; 1; 0,5; 600000; Сильное;
Итерация №: 201
max: 117,637
Values: 7; 1; 10; 20; 3; 5,33; 16,9; 1; 0,5; 600000; Сильное;
Итерация №: 202
max: 117,637
Values: 7; 1; 10; 20; 3; 5,33; 16,9; 1; 0,5; 600000; Сильное;
Итерация №: 203
max: 117,637
Values: 7; 1; 10; 20; 3; 5,33; 16,9; 1; 0,5; 600000; Сильное;
Итерация №: 204
max: 117,637
Values: 7; 1; 10; 20; 3; 5,33; 16,9; 1; 0,5; 600000; Сильное;
Итерация №: 205
max: 117,637
Values: 7; 1; 10; 20; 3; 5,33; 16,9; 1; 0,5; 600000; Сильное;
Итерация №: 206
max: 117,637
Values: 7; 1; 10; 20; 3; 5,33; 16,9; 1; 0,5; 600000; Сильное;
Итерация №: 207
max: 117,637
Values: 7; 1; 10; 20; 3; 5,33; 16,9; 1; 0,5; 600000; Сильное;
Итерация №: 208
max: 117,637
Values: 7; 1; 10; 20; 3; 5,33; 16,9; 1; 0,5; 600000; Сильное;
Итерация №: 209
max: 117,637
Values: 7; 1; 10; 20; 3; 5,33; 16,9; 1; 0,5; 600000; Сильное;
Итерация №: 210
max: 117,637
Values: 7; 1; 10; 20; 3; 5,33; 16,9; 1; 0,5; 600000; Сильное;
Итерация №: 211
max: 117,637
Values: 7; 1; 10; 20; 3; 5,33; 16,9; 1; 0,5; 600000; Сильное;
Итерация №: 212
max: 117,637
Values: 7; 1; 10; 20; 3; 5,33; 16,9; 1; 0,5; 600000; Сильное;
Итерация №: 213
max: 117,637
Values: 7; 1; 10; 20; 3; 5,33; 16,9; 1; 0,5; 600000; Сильное;
Итерация №: 214
max: 117,637
Values: 7; 1; 10; 20; 3; 5,33; 16,9; 1; 0,5; 600000; Сильное;
Итерация №: 215
max: 117,637
Values: 7; 1; 10; 20; 3; 5,33; 16,9; 1; 0,5; 600000; Сильное;
Итерация №: 216
max: 117,637
Values: 7; 1; 10; 20; 3; 5,33; 16,9; 1; 0,5; 600000; Сильное;
Итерация №: 217
max: 117,637
Values: 7; 1; 10; 20; 3; 5,33; 16,9; 1; 0,5; 600000; Сильное;
Итерация №: 218
max: 117,637
Values: 7; 1; 10; 20; 3; 5,33; 16,9; 1; 0,5; 600000; Сильное;
Итерация №: 219
max: 117,637
Values: 7; 1; 10; 20; 3; 5,33; 16,9; 1; 0,5; 600000; Сильное;
Итерация №: 220
max: 117,637
Values: 7; 1; 10; 20; 3; 5,33; 16,9; 1; 0,5; 600000; Сильное;
